1.912499919999999937e-02 3.161078955000000412e-03 -1.521996630999999933e-03 -9.781036440000000931e-06
5.737499799999999650e-02 -1.877601059999999987e-03 -9.081826244999999980e-04 -1.497696075000000006e-05
9.562499730000000031e-02 -1.880190725000000038e-03 -9.132160389999999586e-04 -1.499684634999999993e-05
1.338749965000000097e-01 -1.880201879999999917e-03 -9.131635324999999711e-04 -1.502734570000000028e-05
1.721249954999999887e-01 -1.880222129999999884e-03 -9.131435759999999161e-04 -1.503750900000000090e-05
2.103749950000000091e-01 -1.880230870000000089e-03 -9.131457704999999293e-04 -1.503758944999999860e-05
2.486249945000000017e-01 -1.880230110000000090e-03 -9.131449765000000662e-04 -1.503776275000000002e-05
2.868749935000000084e-01 -1.880229350000000091e-03 -9.131441824999999863e-04 -1.503793610000000056e-05
3.251249929999999733e-01 -1.880228590000000092e-03 -9.131433875000000188e-04 -1.503810944999999941e-05
3.633749924999999936e-01 -1.880227830000000093e-03 -9.131425925000000512e-04 -1.503828274999999913e-05
4.016249914999999726e-01 -1.880227070000000094e-03 -9.131417980000000817e-04 -1.503845604999999885e-05
4.398749905000000071e-01 -1.880226310000000095e-03 -9.131410035000000038e-04 -1.503862939999999939e-05
4.781249899999999720e-01 -1.880225570000000016e-03 -9.131406059999999658e-04 -1.503871609999999922e-05
5.139843364999999720e-01 -2.686350550000025234e-04 -5.102177550000139891e-05 -2.253896484999998547e-05
5.402812055000000280e-01 1.853698715000000156e-03 -1.748584607499999600e-03 -7.997987879999998891e-05
