0.000000000000000000e+00 0.000000000000000000e+00 0.000000000000000000e+00
0.000000000000000000e+00 1.912499919999999937e-02 0.000000000000000000e+00
0.000000000000000000e+00 3.824999839999999873e-02 0.000000000000000000e+00
0.000000000000000000e+00 5.737499799999999650e-02 0.000000000000000000e+00
0.000000000000000000e+00 7.649999759999999427e-02 0.000000000000000000e+00
0.000000000000000000e+00 9.562499730000000031e-02 0.000000000000000000e+00
0.000000000000000000e+00 1.147499970000000064e-01 0.000000000000000000e+00
0.000000000000000000e+00 1.338749965000000097e-01 0.000000000000000000e+00
0.000000000000000000e+00 1.529999959999999992e-01 0.000000000000000000e+00
0.000000000000000000e+00 1.721249954999999887e-01 0.000000000000000000e+00
0.000000000000000000e+00 1.912499950000000060e-01 0.000000000000000000e+00
0.000000000000000000e+00 2.103749950000000091e-01 0.000000000000000000e+00
0.000000000000000000e+00 2.294999950000000122e-01 0.000000000000000000e+00
0.000000000000000000e+00 2.486249945000000017e-01 0.000000000000000000e+00
0.000000000000000000e+00 2.677499939999999912e-01 0.000000000000000000e+00
0.000000000000000000e+00 2.868749935000000084e-01 0.000000000000000000e+00
0.000000000000000000e+00 3.059999930000000257e-01 0.000000000000000000e+00
0.000000000000000000e+00 3.251249929999999733e-01 0.000000000000000000e+00
0.000000000000000000e+00 3.442499929999999764e-01 0.000000000000000000e+00
0.000000000000000000e+00 3.633749924999999936e-01 0.000000000000000000e+00
0.000000000000000000e+00 3.824999920000000109e-01 0.000000000000000000e+00
0.000000000000000000e+00 4.016249914999999726e-01 0.000000000000000000e+00
0.000000000000000000e+00 4.207499909999999899e-01 0.000000000000000000e+00
0.000000000000000000e+00 4.398749905000000071e-01 0.000000000000000000e+00
0.000000000000000000e+00 4.589999900000000244e-01 0.000000000000000000e+00
0.000000000000000000e+00 4.781249899999999720e-01 0.000000000000000000e+00
0.000000000000000000e+00 4.972499899999999751e-01 0.000000000000000000e+00
0.000000000000000000e+00 5.139843364999999720e-01 0.000000000000000000e+00
0.000000000000000000e+00 5.307186830000000244e-01 0.000000000000000000e+00
0.000000000000000000e+00 5.402812055000000280e-01 0.000000000000000000e+00
0.000000000000000000e+00 5.498437280000000316e-01 0.000000000000000000e+00
