0.000000000000000000e+00 0.000000000000000000e+00 0.000000000000000000e+00
0.000000000000000000e+00 3.824999839999999873e-02 0.000000000000000000e+00
0.000000000000000000e+00 7.649999759999999427e-02 0.000000000000000000e+00
0.000000000000000000e+00 1.147499970000000064e-01 0.000000000000000000e+00
0.000000000000000000e+00 1.529999959999999992e-01 0.000000000000000000e+00
0.000000000000000000e+00 1.912499950000000060e-01 0.000000000000000000e+00
0.000000000000000000e+00 2.294999950000000122e-01 0.000000000000000000e+00
0.000000000000000000e+00 2.677499939999999912e-01 0.000000000000000000e+00
0.000000000000000000e+00 3.059999930000000257e-01 0.000000000000000000e+00
0.000000000000000000e+00 3.442499929999999764e-01 0.000000000000000000e+00
0.000000000000000000e+00 3.824999920000000109e-01 0.000000000000000000e+00
0.000000000000000000e+00 4.207499909999999899e-01 0.000000000000000000e+00
0.000000000000000000e+00 4.589999900000000244e-01 0.000000000000000000e+00
0.000000000000000000e+00 4.972499899999999751e-01 0.000000000000000000e+00
0.000000000000000000e+00 5.307186830000000244e-01 0.000000000000000000e+00
0.000000000000000000e+00 5.498437280000000316e-01 0.000000000000000000e+00
