0.000000000000000000e+00 1.912499919999999937e-02 0.000000000000000000e+00
0.000000000000000000e+00 5.737499799999999650e-02 0.000000000000000000e+00
0.000000000000000000e+00 9.562499730000000031e-02 0.000000000000000000e+00
0.000000000000000000e+00 1.338749965000000097e-01 0.000000000000000000e+00
0.000000000000000000e+00 1.721249954999999887e-01 0.000000000000000000e+00
0.000000000000000000e+00 2.103749950000000091e-01 0.000000000000000000e+00
0.000000000000000000e+00 2.486249945000000017e-01 0.000000000000000000e+00
0.000000000000000000e+00 2.868749935000000084e-01 0.000000000000000000e+00
0.000000000000000000e+00 3.251249929999999733e-01 0.000000000000000000e+00
0.000000000000000000e+00 3.633749924999999936e-01 0.000000000000000000e+00
0.000000000000000000e+00 4.016249914999999726e-01 0.000000000000000000e+00
0.000000000000000000e+00 4.398749905000000071e-01 0.000000000000000000e+00
0.000000000000000000e+00 4.781249899999999720e-01 0.000000000000000000e+00
0.000000000000000000e+00 5.139843364999999720e-01 0.000000000000000000e+00
0.000000000000000000e+00 5.402812055000000280e-01 0.000000000000000000e+00
