3.639226369526348719e-04 4.894681749469598968e-05 3.959002579481597675e-04 1.289348534089672928e-05 1.973847225840556482e-08 1.351773722798200005e-07
2.872945128878988223e-04 5.639357291880422237e-05 3.377314143286546332e-04 2.076496938928977511e-07 -2.568845702179165127e-08 -7.133730900393609067e-08
2.874796292427007948e-04 5.647389307407597452e-05 3.379967881395036598e-04 2.904647313900838492e-07 -2.588907769561112628e-08 -7.150280003655874027e-08
2.874800847291160899e-04 5.647407802273887907e-05 3.379972439703285685e-04 2.905191418975011200e-07 -2.598063111927937254e-08 -7.166672318145219552e-08
2.874799711886543352e-04 5.647389668399233612e-05 3.379969470918436111e-04 2.904167131687215155e-07 -2.589159072559798225e-08 -7.172901225962238498e-08
2.874803286178314655e-04 5.647410801694689698e-05 3.379975156705310527e-04 2.904365830738335241e-07 -2.589185345131752495e-08 -7.172913657213611713e-08
2.874803435337339630e-04 5.647410756635749530e-05 3.379975264700708633e-04 2.904383496802741218e-07 -2.589220001724373336e-08 -7.173289664864681075e-08
2.874803569778059363e-04 5.647410759255599397e-05 3.379975416868926438e-04 2.904405237138050839e-07 -2.589254710160109265e-08 -7.173657116804128614e-08
2.874803681357965377e-04 5.647410614230621585e-05 3.379975480681662457e-04 2.904424878296382463e-07 -2.589289335493794456e-08 -7.174024847646248366e-08
2.874803830507133870e-04 5.647410569171853534e-05 3.379975614811011253e-04 2.904444567581770369e-07 -2.589323994660523939e-08 -7.174400880584439489e-08
2.874804017245337980e-04 5.647410571791876873e-05 3.379975793132936079e-04 2.904464284661127776e-07 -2.589358703057339366e-08 -7.174777091478184633e-08
2.874804166394522194e-04 5.647410500589432840e-05 3.379975901118518903e-04 2.904483973934850979e-07 -2.589393362197674508e-08 -7.175153124392261786e-08
2.874804277974447723e-04 5.647410433996064380e-05 3.379975991075088114e-04 2.904503615068330657e-07 -2.589427990090236307e-08 -7.175521744045709551e-08
3.066460293556115741e-04 6.023909017820088863e-05 3.605310526682861086e-04 3.098143350622974683e-07 -2.762058060430923871e-08 -7.653913941850207428e-08
5.539937462614699572e-04 6.588115727241731319e-05 5.949564131920847144e-04 8.671840485033727086e-06 -4.557304238629324747e-08 -5.363031421665529557e-07
1.282697357087759713e-02 1.011062164473875780e-04 1.287956656419832722e-02 2.211456219222419020e-06 1.932487305298468609e-07 -1.525547095092145809e-05
