9.820172470000000671e+06 7.238470320000000235e+00 4.559821269999999593e+00 3.265016230000000178e+03 4.101811320000000372e+00 3.134508640000000241e+02 5.307627309999999852e+04 1.011908239999999987e-01 1.651045299999999993e-01 9.871888820000000564e+00
9.665560990000000224e+06 7.238470320000000235e+00 4.447183400000000120e+00 3.274870210000000043e+03 4.101811320000000372e+00 -2.701132260000000063e+00 5.358860050000000047e+04 1.011908239999999987e-01 1.651045299999999993e-01 -1.112937819999999939e-01
9.645336419999999925e+06 7.238470320000000235e+00 4.427283919999999817e+00 3.279717839999999796e+03 4.101811320000000372e+00 -2.035418659999999935e+00 5.323077820000000065e+04 1.011908239999999987e-01 1.651045299999999993e-01 -1.133758009999999983e-01
9.646835109999999404e+06 7.238470320000000235e+00 4.424286450000000315e+00 3.284031770000000051e+03 4.101811320000000372e+00 -2.375676020000000221e+00 5.313901469999999972e+04 1.011908239999999987e-01 1.651045299999999993e-01 -1.169654660000000040e-01
9.648233410000000149e+06 6.446951939999999937e+00 4.424561549999999954e+00 3.286818510000000060e+03 -2.431833180000000094e-01 -2.342577620000000138e+00 5.308054579999999987e+04 5.747435290000000133e-06 4.304708320000000428e-03 -1.192960730000000025e-01
9.649052789999999106e+06 6.446951939999999937e+00 4.424644510000000253e+00 3.288496360000000095e+03 -2.431833180000000094e-01 -2.322335030000000078e+00 5.304390080000000307e+04 5.747435290000000133e-06 4.304708320000000428e-03 -1.204454550000000068e-01
9.649466390000000596e+06 6.446951939999999937e+00 4.424644869999999841e+00 3.289330969999999979e+03 -2.431833180000000094e-01 -2.311297650000000203e+00 5.302536619999999675e+04 5.747435290000000133e-06 4.304708320000000428e-03 -1.209837629999999942e-01
9.649520130000000820e+06 6.446951939999999937e+00 4.424650050000000334e+00 3.289423049999999876e+03 -2.431833180000000094e-01 -2.309368710000000213e+00 5.302237299999999959e+04 5.747435290000000133e-06 4.304708320000000428e-03 -1.210472830000000055e-01
9.649249539999999106e+06 6.450898709999999703e+00 4.424644609999999645e+00 3.288842070000000149e+03 5.962955920000000409e-01 -2.316280460000000208e+00 5.303524710000000050e+04 -1.037963029999999917e-03 -1.007474759999999955e-02 -1.206443620000000050e-01
9.648594140000000596e+06 6.450898709999999703e+00 4.424603020000000164e+00 3.287444649999999911e+03 5.962955920000000409e-01 -2.333273049999999849e+00 5.306483890000000247e+04 -1.037963029999999917e-03 -1.007474759999999955e-02 -1.197096720000000031e-01
9.647454439999999478e+06 6.450898709999999703e+00 4.424416309999999797e+00 3.285058379999999943e+03 5.962955920000000409e-01 -2.361770050000000065e+00 5.311500390000000334e+04 -1.037963029999999917e-03 -1.007474759999999955e-02 -1.179802459999999970e-01
9.645671099999999627e+06 6.450898709999999703e+00 4.425839510000000310e+00 3.281334260000000086e+03 5.962955920000000409e-01 -2.439267619999999859e+00 5.319144380000000092e+04 -1.037963029999999917e-03 -1.007474759999999955e-02 -1.154026290000000066e-01
9.651905900000000373e+06 7.048456380000000188e+00 4.438740639999999793e+00 3.276261059999999816e+03 1.316411530000000107e+00 -2.677150319999999972e+00 5.338317210000000341e+04 -8.106502009999999592e-02 1.051401689999999917e-02 -1.127552150000000059e-01
9.697590419999999925e+06 7.048456380000000188e+00 4.498504020000000381e+00 3.268306520000000091e+03 1.316411530000000107e+00 -2.843570370000000125e+00 5.413298419999999896e+04 -8.106502009999999592e-02 1.051401689999999917e-02 -1.142502999999999991e-01
1.001767900000000000e+07 1.714937289999999948e+01 4.710290220000000083e+00 3.371110169999999925e+03 7.808310040000000285e+00 -2.249441480000000215e+00 5.447095270000000164e+04 -1.404624829999999935e+00 5.079748539999999757e-01 -1.058123309999999956e-01
