|==============|==============|==============|==============|==============|==============|==============|
|     mode     |  eval_real   |  eval_imag   | freq_n (Hz)  | freq_d (Hz)  |   damping    |  period (s)  |
|==============|==============|==============|==============|==============|==============|==============|
|      0       |  -0.524054   | -650.002397  |  103.451128  |  103.451095  |   0.000806   |   0.009666   |
|      1       |  -0.524054   |  650.002397  |  103.451128  |  103.451095  |   0.000806   |   0.009666   |
|      2       |  -2.084568   | -234.180543  |  37.272468   |  37.270991   |   0.008901   |   0.026831   |
|      3       |  -2.084568   |  234.180543  |  37.272468   |  37.270991   |   0.008901   |   0.026831   |
|      4       |  -6.685714   | -549.371638  |  87.441686   |  87.435212   |   0.012169   |   0.011437   |
|      5       |  -6.685714   |  549.371638  |  87.441686   |  87.435212   |   0.012169   |   0.011437   |
|      6       |  -7.771492   | 1074.860231  |  171.073790  |  171.069319  |   0.007230   |   0.005846   |
|      7       |  -7.771492   | -1074.860231 |  171.073790  |  171.069319  |   0.007230   |   0.005846   |
|      8       |  -8.396198   | 1696.873623  |  270.069131  |  270.065825  |   0.004948   |   0.003703   |
|      9       |  -8.396198   | -1696.873623 |  270.069131  |  270.065825  |   0.004948   |   0.003703   |
|      10      |  -9.123762   |  27.604884   |   4.627203   |   4.393454   |   0.313816   |   0.227611   |
|      11      |  -9.123762   |  -27.604884  |   4.627203   |   4.393454   |   0.313816   |   0.227611   |
|      12      |  -11.725682  | -183.381545  |  29.245682   |  29.186079   |   0.063811   |   0.034263   |
|      13      |  -11.725682  |  183.381545  |  29.245682   |  29.186079   |   0.063811   |   0.034263   |
|      14      |  -12.421563  | -1032.579184 |  164.351972  |  164.340081  |   0.012029   |   0.006085   |
|      15      |  -12.421563  | 1032.579184  |  164.351972  |  164.340081  |   0.012029   |   0.006085   |
|      16      | -192.702756  |   0.000000   |  30.669596   |   0.000000   |   1.000000   |     inf      |
|      17      | -308.407481  |  59.607826   |  49.992964   |   9.486880   |   0.981830   |   0.105409   |
|      18      | -308.407481  |  -59.607826  |  49.992964   |   9.486880   |   0.981830   |   0.105409   |
|      19      | -313.910315  | -503.442582  |  94.425183   |  80.125376   |   0.529100   |   0.012480   |
|      20      | -313.910315  |  503.442582  |  94.425183   |  80.125376   |   0.529100   |   0.012480   |
|      21      | -341.628248  | -332.728586  |  75.898416   |  52.955399   |   0.716376   |   0.018884   |
|      22      | -341.628248  |  332.728586  |  75.898416   |  52.955399   |   0.716376   |   0.018884   |
|      23      | -353.705367  | -272.559086  |  71.068687   |  43.379126   |   0.792106   |   0.023053   |
|      24      | -353.705367  |  272.559086  |  71.068687   |  43.379126   |   0.792106   |   0.023053   |
|      25      | -398.871737  |   0.000000   |  63.482409   |   0.000000   |   1.000000   |     inf      |
|      26      | -502.975543  |  -0.000000   |  80.051044   |   0.000000   |   1.000000   |     inf      |
|      27      | -682.689607  |  -0.000000   |  108.653425  |   0.000000   |   1.000000   |     inf      |
|      28      | -812.685702  |   0.000000   |  129.342947  |   0.000000   |   1.000000   |     inf      |
|      29      | -929.065943  |   0.000000   |  147.865437  |   0.000000   |   1.000000   |     inf      |
|      30      | -1079.916228 |   0.000000   |  171.874006  |   0.000000   |   1.000000   |     inf      |
|      31      | -1224.893746 |   0.000000   |  194.947894  |   0.000000   |   1.000000   |     inf      |
|      32      | -1391.635777 |  11.201202   |  221.492887  |   1.782727   |   0.999968   |   0.560939   |
|      33      | -1391.635777 |  -11.201202  |  221.492887  |   1.782727   |   0.999968   |   0.560939   |
|      34      | -1777.659187 |  -0.000000   |  282.923247  |   0.000000   |   1.000000   |     inf      |
|      35      | -2255.349173 |  121.737953  |  359.472501  |  19.375197   |   0.998546   |   0.051612   |
|      36      | -2255.349173 | -121.737953  |  359.472501  |  19.375197   |   0.998546   |   0.051612   |
|      37      | -2680.698632 |  -0.000000   |  426.646438  |   0.000000   |   1.000000   |     inf      |
|      38      | -2767.261703 | -146.258147  |  441.038098  |  23.277707   |   0.998606   |   0.042960   |
|      39      | -2767.261703 |  146.258147  |  441.038098  |  23.277707   |   0.998606   |   0.042960   |
|      40      | -3852.016853 | 4153.840527  |  901.615561  |  661.104253  |   0.679966   |   0.001513   |
|      41      | -3852.016853 | -4153.840527 |  901.615561  |  661.104253  |   0.679966   |   0.001513   |
|      42      | -3865.995585 | -4172.914497 |  905.354363  |  664.139969  |   0.679615   |   0.001506   |
|      43      | -3865.995585 | 4172.914497  |  905.354363  |  664.139969  |   0.679615   |   0.001506   |
|      44      | -4010.165592 | 4168.452971  |  920.590331  |  663.429895  |   0.693292   |   0.001507   |
|      45      | -4010.165592 | -4168.452971 |  920.590331  |  663.429895  |   0.693292   |   0.001507   |
|      46      | -4211.685335 |   0.000000   |  670.310540  |   0.000000   |   1.000000   |     inf      |
|      47      | -4247.475841 | 4137.107474  |  943.678891  |  658.441105  |   0.716353   |   0.001519   |
|      48      | -4247.475841 | -4137.107474 |  943.678891  |  658.441105  |   0.716353   |   0.001519   |
|      49      | -4382.128299 |   0.000000   |  697.437380  |   0.000000   |   1.000000   |     inf      |
|      50      | -4536.320655 |   0.000000   |  721.977856  |   0.000000   |   1.000000   |     inf      |
|      51      | -4600.361468 | -4239.031958 |  995.612031  |  674.662890  |   0.735397   |   0.001482   |
|      52      | -4600.361468 | 4239.031958  |  995.612031  |  674.662890  |   0.735397   |   0.001482   |
|      53      | -4842.881822 |   0.000000   |  770.768581  |   0.000000   |   1.000000   |     inf      |
|      54      | -5091.772515 | -2210.247608 |  883.436702  |  351.771832  |   0.917305   |   0.002843   |
|      55      | -5091.772515 | 2210.247608  |  883.436702  |  351.771832  |   0.917305   |   0.002843   |
|      56      | -5109.113266 |   0.000000   |  813.140631  |   0.000000   |   1.000000   |     inf      |
|      57      | -5147.801685 | -6534.512719 | 1323.952171  | 1040.000000  |   0.618828   |   0.000962   |
|      58      | -5462.142649 | 3519.936681  | 1034.200486  |  560.215322  |   0.840579   |   0.001785   |
|      59      | -5462.142649 | -3519.936681 | 1034.200486  |  560.215322  |   0.840579   |   0.001785   |
|      60      | -5657.924100 | 4973.668893  | 1198.950086  |  791.583990  |   0.751063   |   0.001263   |
|      61      | -5657.924100 | -4973.668893 | 1198.950086  |  791.583990  |   0.751063   |   0.001263   |
|      62      | -5904.265265 |  858.112598  |  949.565735  |  136.572862  |   0.989603   |   0.007322   |
|      63      | -5904.265265 | -858.112598  |  949.565735  |  136.572862  |   0.989603   |   0.007322   |
|==============|==============|==============|==============|==============|==============|==============||==============|==============|==============|==============|==============|==============|==============|
|     mode     |  eval_real   |  eval_imag   | freq_n (Hz)  | freq_d (Hz)  |   damping    |  period (s)  |
|==============|==============|==============|==============|==============|==============|==============|
|      0       |  -0.005492   | -678.625849  |  108.006658  |  108.006658  |   0.000008   |   0.009259   |
|      1       |  -0.005492   |  678.625849  |  108.006658  |  108.006658  |   0.000008   |   0.009259   |
|      2       |  -2.129443   | -235.038730  |  37.409111   |  37.407576   |   0.009060   |   0.026733   |
|      3       |  -2.129443   |  235.038730  |  37.409111   |  37.407576   |   0.009060   |   0.026733   |
|      4       |  -6.678319   | -549.691777  |  87.492620   |  87.486163   |   0.012148   |   0.011430   |
|      5       |  -6.678319   |  549.691777  |  87.492620   |  87.486163   |   0.012148   |   0.011430   |
|      6       |  -6.885717   | 1071.582272  |  170.551137  |  170.547616  |   0.006426   |   0.005863   |
|      7       |  -6.885717   | -1071.582272 |  170.551137  |  170.547616  |   0.006426   |   0.005863   |
|      8       |  -8.440245   | -1696.704390 |  270.042232  |  270.038891  |   0.004974   |   0.003703   |
|      9       |  -8.440245   | 1696.704390  |  270.042232  |  270.038891  |   0.004974   |   0.003703   |
|      10      |  -9.124762   |  27.586351   |   4.624452   |   4.390504   |   0.314037   |   0.227764   |
|      11      |  -9.124762   |  -27.586351  |   4.624452   |   4.390504   |   0.314037   |   0.227764   |
|      12      |  -11.719264  |  183.536218  |  29.270184   |  29.210696   |   0.063723   |   0.034234   |
|      13      |  -11.719264  | -183.536218  |  29.270184   |  29.210696   |   0.063723   |   0.034234   |
|      14      |  -13.798240  | -999.560541  |  159.100158  |  159.085001  |   0.013803   |   0.006286   |
|      15      |  -13.798240  |  999.560541  |  159.100158  |  159.085001  |   0.013803   |   0.006286   |
|      16      | -192.610256  |   0.000000   |  30.654874   |   0.000000   |   1.000000   |     inf      |
|      17      | -308.978729  | -496.151591  |  93.025248   |  78.964978   |   0.528625   |   0.012664   |
|      18      | -308.978729  |  496.151591  |  93.025248   |  78.964978   |   0.528625   |   0.012664   |
|      19      | -344.280791  | -333.175473  |  76.250859   |  53.026524   |   0.718602   |   0.018858   |
|      20      | -344.280791  |  333.175473  |  76.250859   |  53.026524   |   0.718602   |   0.018858   |
|      21      | -357.113716  | -294.172909  |  73.636970   |  46.819073   |   0.771846   |   0.021359   |
|      22      | -357.113716  |  294.172909  |  73.636970   |  46.819073   |   0.771846   |   0.021359   |
|      23      | -403.553831  |   0.000000   |  64.227587   |   0.000000   |   1.000000   |     inf      |
|      24      | -498.810514  | -155.652193  |  83.163527   |  24.772816   |   0.954603   |   0.040367   |
|      25      | -498.810514  |  155.652193  |  83.163527   |  24.772816   |   0.954603   |   0.040367   |
|      26      | -532.931078  |  -0.000000   |  84.818615   |   0.000000   |   1.000000   |     inf      |
|      27      | -717.694891  |  -0.000000   |  114.224689  |   0.000000   |   1.000000   |     inf      |
|      28      | -845.466814  |   0.000000   |  134.560223  |   0.000000   |   1.000000   |     inf      |
|      29      | -990.352076  |  -0.000000   |  157.619428  |   0.000000   |   1.000000   |     inf      |
|      30      | -1075.790598 |  -0.000000   |  171.217391  |   0.000000   |   1.000000   |     inf      |
|      31      | -1323.683741 |   0.000000   |  210.670811  |   0.000000   |   1.000000   |     inf      |
|      32      | -1393.142341 |  -0.000000   |  221.725490  |   0.000000   |   1.000000   |     inf      |
|      33      | -1549.416073 |   0.000000   |  246.597227  |   0.000000   |   1.000000   |     inf      |
|      34      | -2064.372473 |  349.964383  |  333.242813  |  55.698561   |   0.985933   |   0.017954   |
|      35      | -2064.372473 | -349.964383  |  333.242813  |  55.698561   |   0.985933   |   0.017954   |
|      36      | -2377.422064 |  -0.000000   |  378.378473  |   0.000000   |   1.000000   |     inf      |
|      37      | -2695.389906 |  20.406265   |  428.996921  |   3.247758   |   0.999971   |   0.307905   |
|      38      | -2695.389906 |  -20.406265  |  428.996921  |   3.247758   |   0.999971   |   0.307905   |
|      39      | -3370.144212 |   0.000000   |  536.375110  |   0.000000   |   1.000000   |     inf      |
|      40      | -3864.895325 | 4150.347474  |  902.603591  |  660.548316  |   0.681492   |   0.001514   |
|      41      | -3864.895325 | -4150.347474 |  902.603591  |  660.548316  |   0.681492   |   0.001514   |
|      42      | -3871.762707 | -4172.796372 |  905.964627  |  664.121169  |   0.680170   |   0.001506   |
|      43      | -3871.762707 | 4172.796372  |  905.964627  |  664.121169  |   0.680170   |   0.001506   |
|      44      | -4025.106091 | -4160.684458 |  921.351446  |  662.193498  |   0.695300   |   0.001510   |
|      45      | -4025.106091 | 4160.684458  |  921.351446  |  662.193498  |   0.695300   |   0.001510   |
|      46      | -4207.787128 |   0.000000   |  669.690121  |   0.000000   |   1.000000   |     inf      |
|      47      | -4214.120173 | -4133.653453 |  939.498244  |  657.891380  |   0.713890   |   0.001520   |
|      48      | -4214.120173 | 4133.653453  |  939.498244  |  657.891380  |   0.713890   |   0.001520   |
|      49      | -4402.652063 |   0.000000   |  700.703839  |   0.000000   |   1.000000   |     inf      |
|      50      | -4514.793802 | -4244.670018 |  986.254644  |  675.560215  |   0.728566   |   0.001480   |
|      51      | -4514.793802 | 4244.670018  |  986.254644  |  675.560215  |   0.728566   |   0.001480   |
|      52      | -4585.398318 |   0.000000   |  729.788808  |   0.000000   |   1.000000   |     inf      |
|      53      | -4791.964392 | 6534.512719  | 1289.673458  | 1040.000000  |   0.591363   |   0.000962   |
|      54      | -4808.305113 | -1981.862949 |  827.721677  |  315.423285  |   0.924545   |   0.003170   |
|      55      | -4808.305113 | 1981.862949  |  827.721677  |  315.423285  |   0.924545   |   0.003170   |
|      56      | -4850.164308 |   0.000000   |  771.927624  |   0.000000   |   1.000000   |     inf      |
|      57      | -5073.239481 |   0.000000   |  807.431141  |   0.000000   |   1.000000   |     inf      |
|      58      | -5379.261262 | -4141.217805 | 1080.451516  |  659.095284  |   0.792387   |   0.001517   |
|      59      | -5379.261262 | 4141.217805  | 1080.451516  |  659.095284  |   0.792387   |   0.001517   |
|      60      | -5909.112821 |   0.000000   |  940.464515  |   0.000000   |   1.000000   |     inf      |
|      61      | -6647.243280 | -3677.054370 | 1209.018009  |  585.221379  |   0.875042   |   0.001709   |
|      62      | -6647.243280 | 3677.054370  | 1209.018009  |  585.221379  |   0.875042   |   0.001709   |
|      63      |-10360.038934 |  -0.000000   | 1648.851407  |   0.000000   |   1.000000   |     inf      |
|==============|==============|==============|==============|==============|==============|==============|