|==============|==============|==============|==============|==============|==============|==============|
|     mode     |  eval_real   |  eval_imag   | freq_n (Hz)  | freq_d (Hz)  |   damping    |  period (s)  |
|==============|==============|==============|==============|==============|==============|==============|
|      0       |  60.556204   |  208.547163  |  34.562273   |  33.191312   |  -0.278854   |   0.030128   |
|      1       |  60.556204   | -208.547163  |  34.562273   |  33.191312   |  -0.278854   |   0.030128   |
|      2       |  21.865687   | 1080.949087  |  172.073584  |  172.038390  |  -0.020224   |   0.005813   |
|      3       |  21.865687   | -1080.949087 |  172.073584  |  172.038390  |  -0.020224   |   0.005813   |
|      4       |   6.019524   | -525.535006  |  83.646981   |  83.641494   |  -0.011453   |   0.011956   |
|      5       |   6.019524   |  525.535006  |  83.646981   |  83.641494   |  -0.011453   |   0.011956   |
|      6       |   4.043701   |  984.631548  |  156.710300  |  156.708978  |  -0.004107   |   0.006381   |
|      7       |   4.043701   | -984.631548  |  156.710300  |  156.708978  |  -0.004107   |   0.006381   |
|      8       |   3.334476   | -508.444009  |  80.923117   |  80.921377   |  -0.006558   |   0.012358   |
|      9       |   3.334476   |  508.444009  |  80.923117   |  80.921377   |  -0.006558   |   0.012358   |
|      10      |   1.949198   | -1490.291876 |  237.187522  |  237.187319  |  -0.001308   |   0.004216   |
|      11      |   1.949198   | 1490.291876  |  237.187522  |  237.187319  |  -0.001308   |   0.004216   |
|      12      |  -4.004104   |  187.491453  |  29.846996   |  29.840192   |   0.021351   |   0.033512   |
|      13      |  -4.004104   | -187.491453  |  29.846996   |  29.840192   |   0.021351   |   0.033512   |
|      14      |  -4.955132   |  29.817110   |   4.810623   |   4.745540   |   0.163936   |   0.210724   |
|      15      |  -4.955132   |  -29.817110  |   4.810623   |   4.745540   |   0.163936   |   0.210724   |
|      16      | -122.460728  |   0.000000   |  19.490230   |   0.000000   |   1.000000   |     inf      |
|      17      | -147.040723  | -214.914792  |  41.444308   |  34.204751   |   0.564668   |   0.029236   |
|      18      | -147.040723  |  214.914792  |  41.444308   |  34.204751   |   0.564668   |   0.029236   |
|      19      | -169.209873  |  -0.000000   |  26.930588   |   0.000000   |   1.000000   |     inf      |
|      20      | -218.906922  |  168.425287  |  43.958848   |  26.805717   |   0.792562   |   0.037305   |
|      21      | -218.906922  | -168.425287  |  43.958848   |  26.805717   |   0.792562   |   0.037305   |
|      22      | -236.677227  |  -0.000000   |  37.668351   |   0.000000   |   1.000000   |     inf      |
|      23      | -255.072245  | -148.362844  |  46.963758   |  23.612680   |   0.864411   |   0.042350   |
|      24      | -255.072245  |  148.362844  |  46.963758   |  23.612680   |   0.864411   |   0.042350   |
|      25      | -302.494642  |   0.000000   |  48.143518   |   0.000000   |   1.000000   |     inf      |
|      26      | -370.934234  |  -0.000000   |  59.036017   |   0.000000   |   1.000000   |     inf      |
|      27      | -439.985178  |   0.000000   |  70.025816   |   0.000000   |   1.000000   |     inf      |
|      28      | -481.691195  |  63.392148   |  77.324569   |  10.089174   |   0.991451   |   0.099116   |
|      29      | -481.691195  |  -63.392148  |  77.324569   |  10.089174   |   0.991451   |   0.099116   |
|      30      | -544.630123  |  -0.000000   |  86.680576   |   0.000000   |   1.000000   |     inf      |
|      31      | -604.802047  |   0.000000   |  96.257235   |   0.000000   |   1.000000   |     inf      |
|      32      | -707.148193  |  -0.000000   |  112.546130  |   0.000000   |   1.000000   |     inf      |
|      33      | -822.564528  |  122.316744  |  132.354708  |  19.467314   |   0.989124   |   0.051368   |
|      34      | -822.564528  | -122.316744  |  132.354708  |  19.467314   |   0.989124   |   0.051368   |
|      35      | -872.088259  |  -0.000000   |  138.797157  |   0.000000   |   1.000000   |     inf      |
|      36      | -1053.666995 |  -0.000000   |  167.696311  |   0.000000   |   1.000000   |     inf      |
|      37      | -1241.125368 |  106.267788  |  198.253980  |  16.913044   |   0.996354   |   0.059126   |
|      38      | -1241.125368 | -106.267788  |  198.253980  |  16.913044   |   0.996354   |   0.059126   |
|      39      | -1644.812337 |  -69.485477  |  262.013504  |  11.058957   |   0.999109   |   0.090424   |
|      40      | -1644.812337 |  69.485477   |  262.013504  |  11.058957   |   0.999109   |   0.090424   |
|      41      | -1877.258191 |   0.000000   |  298.774921  |   0.000000   |   1.000000   |     inf      |
|      42      | -2188.051875 | -3769.911184 |  693.736687  |  600.000000  |   0.501976   |   0.001667   |
|      43      | -2188.654568 | -2429.736043 |  520.459200  |  386.704502  |   0.669284   |   0.002586   |
|      44      | -2188.654568 | 2429.736043  |  520.459200  |  386.704502  |   0.669284   |   0.002586   |
|      45      | -2268.624308 | 2423.702084  |  528.360567  |  385.744167  |   0.683364   |   0.002592   |
|      46      | -2268.624308 | -2423.702084 |  528.360567  |  385.744167  |   0.683364   |   0.002592   |
|      47      | -2391.209788 |   0.000000   |  380.572858  |   0.000000   |   1.000000   |     inf      |
|      48      | -2436.346788 | -2744.759691 |  584.111465  |  436.842072  |   0.663840   |   0.002289   |
|      49      | -2436.346788 | 2744.759691  |  584.111465  |  436.842072  |   0.663840   |   0.002289   |
|      50      | -2488.924226 | 2413.391797  |  551.769869  |  384.103234  |   0.717916   |   0.002603   |
|      51      | -2488.924226 | -2413.391797 |  551.769869  |  384.103234  |   0.717916   |   0.002603   |
|      52      | -2616.341977 |   0.000000   |  416.403759  |   0.000000   |   1.000000   |     inf      |
|      53      | -2695.092005 |  65.658775   |  429.064488  |  10.449919   |   0.999703   |   0.095695   |
|      54      | -2695.092005 |  -65.658775  |  429.064488  |  10.449919   |   0.999703   |   0.095695   |
|      55      | -2752.729484 |   0.000000   |  438.110504  |   0.000000   |   1.000000   |     inf      |
|      56      | -2817.071270 | 1030.319366  |  477.397145  |  163.980420  |   0.939157   |   0.006098   |
|      57      | -2817.071270 | -1030.319366 |  477.397145  |  163.980420  |   0.939157   |   0.006098   |
|      58      | -2820.775868 | 2383.873069  |  587.788904  |  379.405183  |   0.763778   |   0.002636   |
|      59      | -2820.775868 | -2383.873069 |  587.788904  |  379.405183  |   0.763778   |   0.002636   |
|      60      | -2836.225749 | 2729.569569  |  626.487038  |  434.424489  |   0.720525   |   0.002302   |
|      61      | -2836.225749 | -2729.569569 |  626.487038  |  434.424489  |   0.720525   |   0.002302   |
|      62      | -2880.531453 | 3373.476767  |  706.006142  |  536.905503  |   0.649358   |   0.001863   |
|      63      | -2880.531453 | -3373.476767 |  706.006142  |  536.905503  |   0.649358   |   0.001863   |
|==============|==============|==============|==============|==============|==============|==============||==============|==============|==============|==============|==============|==============|==============|
|     mode     |  eval_real   |  eval_imag   | freq_n (Hz)  | freq_d (Hz)  |   damping    |  period (s)  |
|==============|==============|==============|==============|==============|==============|==============|
|      0       |  65.132514   | -211.471900  |  35.217004   |  33.656798   |  -0.294351   |   0.029712   |
|      1       |  65.132514   |  211.471900  |  35.217004   |  33.656798   |  -0.294351   |   0.029712   |
|      2       |  26.005783   | 1021.096529  |  162.565258  |  162.512560  |  -0.025460   |   0.006153   |
|      3       |  26.005783   | -1021.096529 |  162.565258  |  162.512560  |  -0.025460   |   0.006153   |
|      4       |   6.845389   |  524.845719  |  83.538895   |  83.531791   |  -0.013042   |   0.011971   |
|      5       |   6.845389   | -524.845719  |  83.538895   |  83.531791   |  -0.013042   |   0.011971   |
|      6       |   3.976530   | -985.503621  |  156.849050  |  156.847773  |  -0.004035   |   0.006376   |
|      7       |   3.976530   |  985.503621  |  156.849050  |  156.847773  |  -0.004035   |   0.006376   |
|      8       |   3.076516   | 1490.194253  |  237.172287  |  237.171782  |  -0.002065   |   0.004216   |
|      9       |   3.076516   | -1490.194253 |  237.172287  |  237.171782  |  -0.002065   |   0.004216   |
|      10      |   1.263637   | -569.609162  |  90.656337   |  90.656114   |  -0.002218   |   0.011031   |
|      11      |   1.263637   |  569.609162  |  90.656337   |  90.656114   |  -0.002218   |   0.011031   |
|      12      |  -4.153981   | -188.686178  |  30.037614   |  30.030338   |   0.022010   |   0.033300   |
|      13      |  -4.153981   |  188.686178  |  30.037614   |  30.030338   |   0.022010   |   0.033300   |
|      14      |  -5.001585   |  29.621314   |   4.781111   |   4.714379   |   0.166494   |   0.212117   |
|      15      |  -5.001585   |  -29.621314  |   4.781111   |   4.714379   |   0.166494   |   0.212117   |
|      16      | -122.995392  |  -0.000000   |  19.575325   |   0.000000   |   1.000000   |     inf      |
|      17      | -160.946195  |  227.934919  |  44.409079   |  36.276969   |   0.576805   |   0.027566   |
|      18      | -160.946195  | -227.934919  |  44.409079   |  36.276969   |   0.576805   |   0.027566   |
|      19      | -167.809273  |   0.000000   |  26.707675   |   0.000000   |   1.000000   |     inf      |
|      20      | -216.072199  | -163.487471  |  43.123457   |  26.019839   |   0.797454   |   0.038432   |
|      21      | -216.072199  |  163.487471  |  43.123457   |  26.019839   |   0.797454   |   0.038432   |
|      22      | -235.440771  |  -0.000000   |  37.471562   |   0.000000   |   1.000000   |     inf      |
|      23      | -256.712312  |  190.349997  |  50.863473   |  30.295143   |   0.803269   |   0.033009   |
|      24      | -256.712312  | -190.349997  |  50.863473   |  30.295143   |   0.803269   |   0.033009   |
|      25      | -293.843558  |  -95.742467  |  49.186514   |  15.237887   |   0.950802   |   0.065626   |
|      26      | -293.843558  |  95.742467   |  49.186514   |  15.237887   |   0.950802   |   0.065626   |
|      27      | -336.449706  |   0.000000   |  53.547634   |   0.000000   |   1.000000   |     inf      |
|      28      | -429.313537  |   0.000000   |  68.327372   |   0.000000   |   1.000000   |     inf      |
|      29      | -523.664862  |  -0.000000   |  83.343851   |   0.000000   |   1.000000   |     inf      |
|      30      | -549.364730  |  -0.000000   |  87.434112   |   0.000000   |   1.000000   |     inf      |
|      31      | -666.471843  |   0.000000   |  106.072288  |   0.000000   |   1.000000   |     inf      |
|      32      | -750.343630  |  -82.359224  |  120.138117  |  13.107878   |   0.994030   |   0.076290   |
|      33      | -750.343630  |  82.359224   |  120.138117  |  13.107878   |   0.994030   |   0.076290   |
|      34      | -912.217203  |  -0.000000   |  145.183877  |   0.000000   |   1.000000   |     inf      |
|      35      | -1170.137224 |  87.946067   |  186.758383  |  13.997051   |   0.997187   |   0.071444   |
|      36      | -1170.137224 |  -87.946067  |  186.758383  |  13.997051   |   0.997187   |   0.071444   |
|      37      | -1285.169637 |   0.000000   |  204.541100  |   0.000000   |   1.000000   |     inf      |
|      38      | -1476.570766 |   0.000000   |  235.003536  |   0.000000   |   1.000000   |     inf      |
|      39      | -1534.621245 | -159.294726  |  245.554837  |  25.352543   |   0.994656   |   0.039444   |
|      40      | -1534.621245 |  159.294726  |  245.554837  |  25.352543   |   0.994656   |   0.039444   |
|      41      | -2089.187639 |   0.000000   |  332.504540  |   0.000000   |   1.000000   |     inf      |
|      42      | -2185.921319 | -2428.408058 |  520.011048  |  386.493146  |   0.669025   |   0.002587   |
|      43      | -2185.921319 | 2428.408058  |  520.011048  |  386.493146  |   0.669025   |   0.002587   |
|      44      | -2251.259225 | 2428.588718  |  527.045896  |  386.521899  |   0.679825   |   0.002587   |
|      45      | -2251.259225 | -2428.588718 |  527.045896  |  386.521899  |   0.679825   |   0.002587   |
|      46      | -2270.757142 | 3769.911184  |  700.436698  |  600.000000  |   0.515967   |   0.001667   |
|      47      | -2293.262708 |  -0.000000   |  364.984096  |   0.000000   |   1.000000   |     inf      |
|      48      | -2423.090478 | 2456.733458  |  549.186190  |  391.001274  |   0.702215   |   0.002558   |
|      49      | -2423.090478 | -2456.733458 |  549.186190  |  391.001274  |   0.702215   |   0.002558   |
|      50      | -2590.926524 |  37.854382   |  412.402773  |   6.024712   |   0.999893   |   0.165983   |
|      51      | -2590.926524 |  -37.854382  |  412.402773  |   6.024712   |   0.999893   |   0.165983   |
|      52      | -2677.387146 | -2523.847051 |  585.599488  |  401.682734  |   0.727664   |   0.002490   |
|      53      | -2677.387146 | 2523.847051  |  585.599488  |  401.682734  |   0.727664   |   0.002490   |
|      54      | -2724.004607 | 2898.297448  |  633.035244  |  461.278365  |   0.684857   |   0.002168   |
|      55      | -2724.004607 | -2898.297448 |  633.035244  |  461.278365  |   0.684857   |   0.002168   |
|      56      | -2789.392942 | 3158.362538  |  670.644388  |  502.669010  |   0.661969   |   0.001989   |
|      57      | -2789.392942 | -3158.362538 |  670.644388  |  502.669010  |   0.661969   |   0.001989   |
|      58      | -2943.070249 |  -0.000000   |  468.404178  |   0.000000   |   1.000000   |     inf      |
|      59      | -3049.108205 | -2520.482805 |  629.616118  |  401.147297  |   0.770756   |   0.002493   |
|      60      | -3049.108205 | 2520.482805  |  629.616118  |  401.147297  |   0.770756   |   0.002493   |
|      61      | -3054.163850 | 1072.701903  |  515.195298  |  170.725810  |   0.943497   |   0.005857   |
|      62      | -3054.163850 | -1072.701903 |  515.195298  |  170.725810  |   0.943497   |   0.005857   |
|      63      | -3090.262649 |   0.000000   |  491.830576  |   0.000000   |   1.000000   |     inf      |
|==============|==============|==============|==============|==============|==============|==============|