1.000000000000000000e+01 -9.751887685681523595e-04 5.401444000000000800e-01 -1.120609928956694742e-02
1.100000000000000000e+01 -8.693436243526293447e-04 5.401724000000001080e-01 -9.976706089436834790e-03
1.200000000000000000e+01 -7.532075352297550345e-04 5.401993000000001599e-01 -8.630723145077498493e-03
1.300000000000000000e+01 -6.255815966553820561e-04 5.402245000000001074e-01 -7.155279971825116540e-03
1.400000000000000000e+01 -4.865358607842141603e-04 5.402466000000001323e-01 -5.552111064508597447e-03
1.500000000000000000e+01 -3.358523067100119166e-04 5.402643000000001416e-01 -3.819748840306245140e-03
1.600000000000000000e+01 -1.732492509153382514e-04 5.402762000000000953e-01 -1.956101891114998652e-03
1.700000000000000000e+01 1.581122748961664380e-06 5.402809000000000639e-01 4.111334476171551154e-05
1.800000000000000000e+01 1.889755914187944978e-04 5.402765000000001594e-01 2.174406966949371522e-03
1.900000000000000000e+01 3.897056049727237823e-04 5.402611000000001606e-01 4.451092669976557115e-03
2.000000000000000000e+01 6.093218393213007365e-04 5.402318000000001508e-01 6.932204232515986470e-03
2.100000000000000000e+01 8.380734683081969604e-04 5.401876000000001010e-01 9.505929014209999264e-03
2.200000000000000000e+01 1.081159364995301067e-03 5.401255000000001472e-01 1.222921661383232286e-02
2.300000000000000000e+01 1.339029244990865529e-03 5.400429000000001034e-01 1.510517566537595939e-02
2.400000000000000000e+01 1.612166927130191576e-03 5.399366000000000998e-01 1.813717783144511153e-02
2.500000000000000000e+01 1.901053278303162404e-03 5.398036000000001611e-01 2.132839326511837622e-02
2.600000000000000000e+01 2.206209951542374616e-03 5.396405000000000785e-01 2.468225958250538921e-02
2.700000000000000000e+01 2.528144257161305669e-03 5.394434000000001284e-01 2.820199481417685200e-02
2.800000000000000000e+01 2.881953684838868372e-03 5.391976000000001656e-01 3.204923821336494449e-02
2.900000000000000000e+01 3.241625988858160001e-03 5.389171000000001488e-01 3.593744651302475945e-02
3.000000000000000000e+01 3.620045702068485933e-03 5.385889000000001481e-01 4.000454158649368458e-02
3.100000000000000000e+01 4.017769460448425943e-03 5.382080000000001307e-01 4.425337577376436959e-02
3.200000000000000000e+01 4.435316669119588641e-03 5.377690000000001636e-01 4.868663402273502167e-02
3.300000000000000000e+01 4.873278486171414743e-03 5.372663000000000855e-01 5.330725599689033201e-02
3.400000000000000000e+01 5.332157842702500358e-03 5.366936000000001039e-01 5.811721537333410653e-02
3.500000000000000000e+01 5.817898690949250239e-03 5.360370000000000967e-01 6.317512715025878911e-02
3.600000000000000000e+01 6.320913014444916669e-03 5.353032000000000901e-01 6.837700126477630480e-02
3.700000000000000000e+01 6.846286370589441117e-03 5.344791000000000958e-01 7.377256370374681016e-02
3.800000000000000000e+01 7.394386004977207202e-03 5.335574000000000705e-01 7.936192287212136265e-02
3.900000000000000000e+01 7.965558228034274810e-03 5.325306000000000761e-01 8.514431568318220345e-02
4.000000000000000000e+01 8.559800852928912615e-03 5.313912000000000635e-01 9.111710228207957341e-02
4.100000000000000000e+01 9.177306917455076846e-03 5.301313000000000830e-01 9.727803730015552319e-02
4.200000000000000000e+01 9.818082812897048831e-03 5.287431000000001324e-01 1.036235164650283480e-01
4.300000000000000000e+01 1.048194816390947588e-02 5.272189000000001569e-01 1.101481851213651220e-01
4.400000000000000000e+01 1.116865817269211379e-02 5.255511000000001598e-01 1.168461220727599476e-01
4.500000000000000000e+01 1.187782231261585476e-02 5.237323000000001505e-01 1.237101339830353336e-01
4.600000000000000000e+01 1.260887205512838116e-02 5.217555000000001497e-01 1.307314369774241480e-01
4.700000000000000000e+01 1.336113632133853826e-02 5.196140000000001313e-01 1.379005534792650534e-01
4.800000000000000000e+01 1.413614737334997415e-02 5.172944000000001541e-01 1.452292948890611390e-01
4.900000000000000000e+01 1.492805497808824024e-02 5.148061000000001552e-01 1.526588472834866372e-01
5.000000000000000000e+01 1.573815805598896903e-02 5.121373000000001285e-01 1.601995367480390786e-01
5.100000000000000000e+01 1.656519184807027367e-02 5.092840000000000700e-01 1.678373200750820082e-01
5.200000000000000000e+01 1.740779248075383090e-02 5.062434000000001211e-01 1.755575604364802700e-01
5.300000000000000000e+01 1.826298838935995483e-02 5.030193000000000580e-01 1.833309051252486332e-01
5.400000000000000000e+01 1.913245376437409245e-02 4.995981000000001004e-01 1.911717630563434522e-01
5.500000000000000000e+01 2.001288857414820072e-02 4.959861000000000963e-01 1.990483007103218127e-01
5.600000000000000000e+01 2.090247695451035934e-02 4.921846000000001387e-01 2.069430097255725298e-01
5.700000000000000000e+01 2.179959229569462115e-02 4.881954000000001126e-01 2.148403728225443399e-01
5.800000000000000000e+01 2.270251783909085774e-02 4.840212000000000958e-01 2.227242783167855955e-01
5.900000000000000000e+01 2.360961003510590392e-02 4.796657000000000837e-01 2.305796119387227838e-01
6.000000000000000000e+01 2.452037987862836638e-02 4.751308000000001308e-01 2.383951736885792649e-01
6.100000000000000000e+01 2.543101518100202019e-02 4.704262000000001276e-01 2.461492130532195732e-01
6.200000000000000000e+01 2.634116986620929982e-02 4.655549000000001048e-01 2.538327259318342022e-01
6.300000000000000000e+01 2.724927358915668618e-02 4.605239000000000971e-01 2.614319969980584135e-01
6.400000000000000000e+01 2.815407674782211683e-02 4.553393000000001134e-01 2.689360935596902258e-01
6.500000000000000000e+01 2.905433621319039247e-02 4.500082000000001359e-01 2.763342831221802243e-01
6.600000000000000000e+01 2.994890722030875418e-02 4.445379000000000969e-01 2.836167280230925125e-01
6.700000000000000000e+01 3.083674037970278101e-02 4.389358000000000981e-01 2.907744856935717825e-01
6.800000000000000000e+01 3.171687196560741412e-02 4.332100000000000950e-01 2.977994091260294240e-01
6.900000000000000000e+01 3.258841046959721349e-02 4.273683000000000898e-01 3.046839472865808252e-01
7.000000000000000000e+01 3.345057046668875600e-02 4.214192000000001048e-01 3.114215436800802927e-01
7.100000000000000000e+01 3.430189192566998613e-02 4.153769000000001044e-01 3.179997782947378004e-01
7.200000000000000000e+01 3.514356069661964121e-02 4.092355000000000853e-01 3.244291878723929989e-01
7.300000000000000000e+01 3.597437025503101571e-02 4.030082000000000941e-01 3.306995386259357073e-01
7.400000000000000000e+01 3.679400035367133559e-02 3.967017000000001015e-01 3.368082486417906529e-01
7.500000000000000000e+01 3.760197186806416014e-02 3.903249000000000857e-01 3.427513445585678720e-01
7.600000000000000000e+01 3.839788361806284467e-02 3.838865000000001304e-01 3.485255488695182535e-01
