7.900000000000000000e+01 3.331672270578337619e-02 3.181420085652674956e+01
7.900000000000000000e+01 -4.349213895619253667e-05 1.135873415874157644e+02
7.900000000000000000e+01 -2.014743383178515396e-02 8.432158911032620097e+01
7.900000000000000000e+01 -1.000000000000000000e+00 2.546144499193247590e+00
7.900000000000000000e+01 -1.727269147667383486e-01 2.545361972547497587e+01
7.900000000000000000e+01 -1.000000000000000000e+00 7.552490371624569931e+00
8.600000000000000000e+01 3.014560394489057549e-02 3.080637664523340291e+01
8.600000000000000000e+01 -9.445471411975750974e-05 1.135032377943384745e+02
8.600000000000000000e+01 -1.000000000000000000e+00 1.138240644713491845e+00
8.600000000000000000e+01 -2.208138698651512452e-02 8.434080226448909912e+01
8.600000000000000000e+01 -1.368180571053010386e-01 2.204059252215912679e+01
1.100000000000000000e+02 2.387201993615655493e-01 9.334124200579465125e+00
1.100000000000000000e+02 -1.248339496908590189e-02 4.186415864088522909e+01
1.100000000000000000e+02 -2.359255051628628141e-02 7.165184369289833910e+01
1.100000000000000000e+02 -8.198777343950214291e-02 2.350059294935361365e+01
1.100000000000000000e+02 -1.000000000000000000e+00 2.495324369666894526e+00
5.100000000000000000e+01 -8.070729215728390173e-06 1.136242434805044894e+02
5.100000000000000000e+01 -1.775396769065010552e-02 3.698341086940431666e+01
5.100000000000000000e+01 -1.248021593292744473e-02 8.421933050652572206e+01
5.100000000000000000e+01 -3.460610781661625501e-01 4.432429972522493600e+00
5.100000000000000000e+01 -6.312818131198803806e-02 2.955121355978845088e+01
1.140000000000000000e+02 2.394506359105722515e-01 8.701064951048079976e+00
1.140000000000000000e+02 -9.763066917523892732e-03 4.011464529673217072e+01
1.140000000000000000e+02 -2.430919975570093941e-02 6.940427109744136658e+01
1.140000000000000000e+02 -7.634978065878453291e-02 2.227213919704743361e+01
1.140000000000000000e+02 -1.000000000000000000e+00 3.079835810468229074e+00
7.600000000000000000e+01 3.046063600327678436e-02 3.226326534801582824e+01
7.600000000000000000e+01 -3.219585237217930751e-05 1.136068352381741278e+02
7.600000000000000000e+01 -1.930488971664650125e-02 8.431280952934049822e+01
7.600000000000000000e+01 -9.617356426711862749e-01 4.388180026127175282e+00
7.600000000000000000e+01 -1.677406173255311939e-01 2.654082643108848316e+01
3.100000000000000000e+01 -7.128453692996324796e-06 1.135057477141532161e+02
3.100000000000000000e+01 -1.342915461248982492e-02 4.000232336766136854e+01
3.100000000000000000e+01 -7.503854281457689526e-03 8.410137479846770248e+01
3.100000000000000000e+01 -1.697480092447863631e-01 4.455553564951190815e+00
3.100000000000000000e+01 -2.798887174762555718e-02 2.949543295614679650e+01
4.100000000000000000e+01 -7.180251380360698730e-06 1.135881676444593040e+02
4.100000000000000000e+01 -1.758424669766247769e-02 3.874036346531080710e+01
4.100000000000000000e+01 -9.913217890811966068e-03 8.417011540491540700e+01
4.100000000000000000e+01 -2.457318075372480204e-01 4.446266696662136475e+00
4.100000000000000000e+01 -4.217432115977998164e-02 2.953891719294208329e+01
8.200000000000000000e+01 3.382767760439324423e-02 3.137165393380859157e+01
8.200000000000000000e+01 -5.995614767497653587e-05 1.135594187787114038e+02
8.200000000000000000e+01 -2.098538658238639776e-02 8.432997535289349855e+01
8.200000000000000000e+01 -1.000000000000000000e+00 1.799178846933347842e+00
8.200000000000000000e+01 -1.687229585012773037e-01 2.413065298445205897e+01
9.500000000000000000e+01 9.947537356973398803e-02 1.762548182623635640e+01
9.500000000000000000e+01 4.356196202997645282e-03 2.989880302673592993e+01
9.500000000000000000e+01 1.000000000000000000e+00 3.800382898610940585e-02
9.500000000000000000e+01 -2.825257704650551956e-04 1.132248777819283987e+02
9.500000000000000000e+01 -2.429433769382996142e-02 8.435870448192335402e+01
3.300000000000000000e+01 -7.079008898537645896e-06 1.135285415515510294e+02
3.300000000000000000e+01 -1.436813150441565608e-02 3.978624993460799431e+01
3.300000000000000000e+01 -7.969214909473502223e-03 8.411773035103541929e+01
3.300000000000000000e+01 -1.836135491796561936e-01 4.454072678878880254e+00
3.300000000000000000e+01 -3.049874581930734838e-02 2.950485243193572416e+01
2.200000000000000000e+01 -7.925995540547276804e-06 1.133142624562522656e+02
2.200000000000000000e+01 -9.061652241104887692e-03 4.076840918414058734e+01
2.200000000000000000e+01 -5.563856247282895386e-03 8.399197541703235004e+01
2.200000000000000000e+01 -1.130473516586703586e-01 4.459535704764802766e+00
2.200000000000000000e+01 -1.804555662511051276e-02 2.944990674365217131e+01
2.400000000000000000e+01 -7.639601710768402184e-06 1.133758338199358349e+02
2.400000000000000000e+01 -1.002701178675173728e-02 4.062652733082200029e+01
2.400000000000000000e+01 -5.967564129556958766e-03 8.402389790466568797e+01
2.400000000000000000e+01 -1.249757892609814902e-01 4.459075780885314977e+00
2.400000000000000000e+01 -2.009277344773308105e-02 2.946063323466325556e+01
2.000000000000000000e+01 -8.307826159587385184e-06 1.132334577085847513e+02
2.000000000000000000e+01 -8.115272118289506426e-03 4.089444787402009496e+01
2.000000000000000000e+01 -5.182017487612037253e-03 8.395237867895070849e+01
2.000000000000000000e+01 -1.014250381220355574e-01 4.459701380490015410e+00
2.000000000000000000e+01 -1.608043341176655303e-02 2.943859662778146102e+01
4.700000000000000000e+01 -7.579151516827449640e-06 1.136132170430025212e+02
4.700000000000000000e+01 -1.859785160181110994e-02 3.774798210392398801e+01
4.700000000000000000e+01 -1.143838345998550270e-02 8.420108594970632510e+01
4.700000000000000000e+01 -3.019640815946358914e-01 4.438500443096765835e+00
4.700000000000000000e+01 -5.352082692791208102e-02 2.955472966942394564e+01
1.220000000000000000e+02 2.401419546468944177e-01 7.801264819912769433e+00
1.220000000000000000e+02 2.426398292546375329e-03 3.647189743753593660e+01
1.220000000000000000e+02 -5.343092473182086549e-02 2.008448040103290921e+01
1.220000000000000000e+02 -2.620955093293605292e-02 6.580416510992684209e+01
1.220000000000000000e+02 -1.000000000000000000e+00 3.718660740603027204e+00
3.000000000000000000e+01 -7.166503134959658315e-06 1.134925852336708942e+02
3.000000000000000000e+01 -1.295027276931407824e-02 4.010393099125469263e+01
3.000000000000000000e+01 -7.274970118739810046e-03 8.409247870407349978e+01
3.000000000000000000e+01 -1.630153379041240636e-01 4.456219556748818533e+00
3.000000000000000000e+01 -2.678141351070441670e-02 2.949064220031538852e+01
3.200000000000000000e+01 -7.099498265380293565e-06 1.135176852398906959e+02
3.200000000000000000e+01 -1.390226085370995651e-02 3.989644873011594939e+01
3.200000000000000000e+01 -7.735321732420198139e-03 8.410977317048900659e+01
3.200000000000000000e+01 -1.766114628448323121e-01 4.454837594888588548e+00
3.200000000000000000e+01 -2.922729628863442522e-02 2.950017099742507654e+01
5.800000000000000000e+01 -9.733967410856109374e-06 1.136352542079343095e+02
5.800000000000000000e+01 -1.058798068105418211e-02 3.549617043539964101e+01
5.800000000000000000e+01 -1.434373400144546909e-02 8.424807248660087566e+01
5.800000000000000000e+01 -4.419476767354038049e-01 4.420220255320603364e+00
5.800000000000000000e+01 -8.650462643013308306e-02 2.944740381208719526e+01
7.300000000000000000e+01 2.554974559288446592e-02 3.271985348323261178e+01
7.300000000000000000e+01 -2.445745226347030254e-05 1.136201713954402663e+02
7.300000000000000000e+01 -1.846635910033190067e-02 8.430260084052990521e+01
7.300000000000000000e+01 -8.211227878511895284e-01 4.392195385805429453e+00
7.300000000000000000e+01 -1.578161921301292903e-01 2.742124793371844049e+01
1.120000000000000000e+02 2.392839889317203705e-01 8.992471239328484245e+00
1.120000000000000000e+02 -1.130681934056029965e-02 4.098137628867104354e+01
1.120000000000000000e+02 -2.392406772405331755e-02 7.048051629360759307e+01
1.120000000000000000e+02 -7.969026751167948563e-02 2.287610002681810784e+01
1.120000000000000000e+02 -1.000000000000000000e+00 2.801194346806252788e+00
3.700000000000000000e+01 -7.073113157539956679e-06 1.135633669719046850e+02
3.700000000000000000e+01 -1.612365843372340346e-02 3.930086857118420340e+01
3.700000000000000000e+01 -8.926411721993886966e-03 8.414601778732361481e+01
3.700000000000000000e+01 -2.131819065569743321e-01 4.450538632670041572e+00
3.700000000000000000e+01 -3.596242959621998719e-02 2.952284203973036369e+01
7.500000000000000000e+01 2.902973207730890140e-02 3.241431151382476372e+01
7.500000000000000000e+01 -2.929357874812809487e-05 1.136118754371997852e+02
7.500000000000000000e+01 -1.902459209308967475e-02 8.430960022205653104e+01
7.500000000000000000e+01 -9.104773936805149459e-01 4.389397772829426003e+00
7.500000000000000000e+01 -1.648666165704291142e-01 2.685567698988530694e+01
2.500000000000000000e+01 -7.525181160723542977e-06 1.134012522368296203e+02
2.500000000000000000e+01 -1.051420973624433292e-02 4.054960063508283241e+01
2.500000000000000000e+01 -6.176322935917374565e-03 8.403771600947177944e+01
2.500000000000000000e+01 -1.310668771335112837e-01 4.458746055142261078e+00
2.500000000000000000e+01 -2.114821913556657815e-02 2.946582558200259783e+01
3.800000000000000000e+01 -7.089394228915793461e-06 1.135703511140873729e+02
3.800000000000000000e+01 -1.652429286165821992e-02 3.916799453026600020e+01
3.800000000000000000e+01 -9.170562758838351688e-03 8.415237305485375430e+01
3.800000000000000000e+01 -2.210121644235499005e-01 4.449539093809318224e+00
3.800000000000000000e+01 -3.743667181805137439e-02 2.952709026115376290e+01
7.000000000000000000e+01 1.898097201897643721e-02 3.319269389493187816e+01
7.000000000000000000e+01 -1.909054319390708577e-05 1.136289241973202451e+02
7.000000000000000000e+01 -1.763368488867340239e-02 8.429147089407688043e+01
7.000000000000000000e+01 -7.122523287907486234e-01 4.397202707498087726e+00
7.000000000000000000e+01 -1.448876215119517252e-01 2.812341697536825436e+01
1.010000000000000000e+02 3.562246472644242101e-01 1.497130824195058985e+01
1.010000000000000000e+02 1.000000000000000000e+00 1.019580387875399063e+00
1.010000000000000000e+02 -6.100596894869186578e-04 1.127868829406971400e+02
1.010000000000000000e+02 -1.593574899900282796e-02 2.966950736276516665e+01
1.010000000000000000e+02 -2.531439924227167973e-02 8.435829673779758764e+01
2.600000000000000000e+01 -7.427069308070237299e-06 1.134238026246561617e+02
2.600000000000000000e+01 -1.100295162695161949e-02 4.046864917640877479e+01
2.600000000000000000e+01 -6.389144492224264199e-03 8.405038732577516214e+01
2.600000000000000000e+01 -1.372496042078101552e-01 4.458354383364116380e+00
2.600000000000000000e+01 -2.222587218722019836e-02 2.947092600950965746e+01
3.900000000000000000e+01 -7.112608057806920214e-06 1.135767792228216422e+02
3.900000000000000000e+01 -1.690384184712485569e-02 3.903034260513652498e+01
3.900000000000000000e+01 -9.416466510605242188e-03 8.415849436577629206e+01
3.900000000000000000e+01 -2.290391239759645425e-01 4.448493816695639147e+00
3.900000000000000000e+01 -3.896075156878443108e-02 2.953120269993402047e+01
6.600000000000000000e+01 8.418577482006531915e-03 3.387342487154519688e+01
6.600000000000000000e+01 -1.439982365846657944e-05 1.136353010643461516e+02
6.600000000000000000e+01 -1.652650630062187445e-02 8.427740697353327448e+01
6.600000000000000000e+01 -5.997349966355884909e-01 4.404768165113249978e+00
6.600000000000000000e+01 -1.250849567383138794e-01 2.881145413033633318e+01
9.000000000000000000e+01 2.108024035708118415e-02 3.031646454353991516e+01
9.000000000000000000e+01 -1.520541329171157545e-04 1.134140434841378067e+02
9.000000000000000000e+01 -1.000000000000000000e+00 6.043904649375365645e-01
9.000000000000000000e+01 -5.815964611100363224e-02 1.991057342059514212e+01
9.000000000000000000e+01 -2.312677473719072091e-02 8.435062093355286095e+01
1.020000000000000000e+02 4.081397837911034387e-01 1.446941913593319207e+01
1.020000000000000000e+02 1.000000000000000000e+00 1.244154685691682971e+00
1.020000000000000000e+02 -6.943009553552983602e-04 1.126781171549691436e+02
1.020000000000000000e+02 -1.882467085887266217e-02 2.964930349584660974e+01
1.020000000000000000e+02 -2.542768405988096725e-02 8.435707104607807594e+01
6.200000000000000000e+01 -1.151654820437552161e-05 1.136371003389056824e+02
6.200000000000000000e+01 -2.120233503494888157e-03 3.464495032191412349e+01
6.200000000000000000e+01 -1.542872372715565696e-02 8.426312750201985580e+01
6.200000000000000000e+01 -5.122974838651311869e-01 4.412554836013699244e+00
6.200000000000000000e+01 -1.046638377528968794e-01 2.923582370893210225e+01
5.600000000000000000e+01 -9.113650270660498404e-06 1.136331091462817540e+02
5.600000000000000000e+01 -1.358946749790410774e-02 3.593191628442718155e+01
5.600000000000000000e+01 -1.380648985163702297e-02 8.424020519186392164e+01
5.600000000000000000e+01 -4.115565921693878360e-01 4.423894237825669151e+00
5.600000000000000000e+01 -7.876634131058722621e-02 2.949973570414933732e+01
1.030000000000000000e+02 4.638672441020701975e-01 1.393126380803422748e+01
1.030000000000000000e+02 1.000000000000000000e+00 1.502818279777001775e+00
1.030000000000000000e+02 -7.866850934552764704e-04 1.125552390432925165e+02
1.030000000000000000e+02 -2.151087953060983396e-02 2.963226460125427408e+01
1.030000000000000000e+02 -2.551910468483270869e-02 8.435628605121067380e+01
4.300000000000000000e+01 -7.277870660892358632e-06 1.135978728413484049e+02
4.300000000000000000e+01 -1.812784924039741868e-02 3.843028279792500967e+01
4.300000000000000000e+01 -1.041609834954094690e-02 8.418101899504102903e+01
4.300000000000000000e+01 -2.633658999447592297e-01 4.443858346900847245e+00
4.300000000000000000e+01 -4.563970034822388555e-02 2.954571932660011768e+01
8.400000000000000000e+01 3.265174096187281605e-02 3.108348271494581638e+01
8.400000000000000000e+01 -7.501796058267074191e-05 1.135345636310601805e+02
8.400000000000000000e+01 -1.000000000000000000e+00 1.443036950981481992e+00
8.400000000000000000e+01 -2.153765249186904984e-02 8.433545529508809580e+01
8.400000000000000000e+01 -1.577203694462847028e-01 2.312043719262428709e+01
4.000000000000000000e+01 -7.142834809850324508e-06 1.135827030115589622e+02
4.000000000000000000e+01 -1.725859004438863586e-02 3.888782693779842248e+01
4.000000000000000000e+01 -9.664042788517788682e-03 8.416440242234607183e+01
4.000000000000000000e+01 -2.372747457795676418e-01 4.447402989442740484e+00
4.000000000000000000e+01 -4.053853393166797353e-02 2.953515489041645026e+01
7.800000000000000000e+01 3.264185965235240350e-02 3.196344481691820150e+01
7.800000000000000000e+01 -3.919607660063131026e-05 1.135946437788612684e+02
7.800000000000000000e+01 -1.986672896356192139e-02 8.431873149459272554e+01
7.800000000000000000e+01 -1.000000000000000000e+00 2.939352497162813993e+00
7.800000000000000000e+01 -1.717356069484020364e-01 2.584106896020933419e+01
7.800000000000000000e+01 -1.000000000000000000e+00 6.544577250344409514e+00
6.800000000000000000e+01 1.382175414039847096e-02 3.352348818748123449e+01
6.800000000000000000e+01 -1.645707811490886759e-05 1.136327682675618149e+02
6.800000000000000000e+01 -1.707987538673300110e-02 8.428430932277029797e+01
6.800000000000000000e+01 -6.521822361063877027e-01 4.400949890523756736e+00
6.800000000000000000e+01 -1.352568389804001403e-01 2.850204012014185651e+01
1.150000000000000000e+02 2.398058053910423759e-01 8.564754791331205652e+00
1.150000000000000000e+02 -8.801852477296005436e-03 3.965903758007380731e+01
1.150000000000000000e+02 -7.427694171745233276e-02 2.197884857669799530e+01
1.150000000000000000e+02 -2.451239153965642167e-02 6.889801481126522731e+01
1.150000000000000000e+02 -1.000000000000000000e+00 3.199980780370332401e+00
2.300000000000000000e+01 -7.772392190995165617e-06 1.133470437130029751e+02
2.300000000000000000e+01 -9.542467505290726584e-03 4.069945604750105161e+01
2.300000000000000000e+01 -5.763257033909292837e-03 8.400873312885821065e+01
2.300000000000000000e+01 -1.189709689769346962e-01 4.459340263093136691e+00
2.300000000000000000e+01 -1.905874533663384773e-02 2.945533293495583038e+01
1.060000000000000000e+02 6.653079178199499122e-01 1.189660912882584931e+01
1.060000000000000000e+02 1.000000000000000000e+00 2.687482472024569802e+00
1.060000000000000000e+02 -1.154683861654487442e-03 1.120842965131081002e+02
1.060000000000000000e+02 -2.820451267249355493e-02 2.959425540986241643e+01
1.060000000000000000e+02 -2.569458134887088810e-02 8.434999427588829235e+01
1.210000000000000000e+02 2.400094899985497077e-01 7.903253850837506533e+00
1.210000000000000000e+02 1.715998636863092473e-04 3.695452704105764496e+01
1.210000000000000000e+02 -5.700211191119679277e-02 2.033515334031939403e+01
1.210000000000000000e+02 -2.592993346338471478e-02 6.620401436251628979e+01
1.210000000000000000e+02 -1.000000000000000000e+00 3.697435034805754750e+00
1.180000000000000000e+02 2.398062475711061625e-01 8.211410139041825929e+00
1.180000000000000000e+02 -5.137955801925699929e-03 3.833161797254209802e+01
1.180000000000000000e+02 -6.668119014631392061e-02 2.113070584778078498e+01
1.180000000000000000e+02 -2.519377420397695203e-02 6.748582757401078425e+01
1.180000000000000000e+02 -1.000000000000000000e+00 3.508807063364694390e+00
4.600000000000000000e+01 -7.488770037688765507e-06 1.136098287106425602e+02
4.600000000000000000e+01 -1.857738757504189334e-02 3.792639461848364846e+01
4.600000000000000000e+01 -1.118087369037346936e-02 8.419626038841046523e+01
4.600000000000000000e+01 -2.918534688227306106e-01 4.439907319064421820e+00
4.600000000000000000e+01 -5.141321989224156841e-02 2.955326341301189075e+01
1.160000000000000000e+02 2.398160201996721863e-01 8.440627873956040972e+00
1.160000000000000000e+02 -7.729910783373259049e-03 3.922028373704554127e+01
1.160000000000000000e+02 -7.198377037343975382e-02 2.169041224333928852e+01
1.160000000000000000e+02 -2.473107026517783191e-02 6.841032510782027032e+01
1.160000000000000000e+02 -1.000000000000000000e+00 3.314704824896861357e+00
5.300000000000000000e+01 -8.417103622874159245e-06 1.136284030788035011e+02
5.300000000000000000e+01 -1.659279381384619334e-02 3.657313367614435151e+01
5.300000000000000000e+01 -1.300770975651939845e-02 8.422790722583813761e+01
5.300000000000000000e+01 -3.706763704267634352e-01 4.429135958105019810e+00
5.300000000000000000e+01 -6.881292318633765170e-02 2.953990381326566350e+01
9.900000000000000000e+01 2.614633206713817826e-01 1.590095503446164393e+01
9.900000000000000000e+01 1.000000000000000000e+00 6.400169223036267230e-01
9.900000000000000000e+01 -4.708021063503008358e-04 1.129688054679849216e+02
9.900000000000000000e+01 -9.628696084288049586e-03 2.972199865838191357e+01
9.900000000000000000e+01 -2.503464662148378872e-02 8.435989397793299815e+01
1.000000000000000000e+02 3.074756982827186458e-01 1.544612759570638794e+01
1.000000000000000000e+02 1.000000000000000000e+00 8.202083390259511386e-01
1.000000000000000000e+02 -5.359497700746841155e-04 1.128833033704094362e+02
1.000000000000000000e+02 -1.286314308935579062e-02 2.969348230381435982e+01
1.000000000000000000e+02 -2.518317390640700815e-02 8.435923784813451221e+01
4.800000000000000000e+01 -7.681203966150233601e-06 1.136163385401958408e+02
4.800000000000000000e+01 -1.853753908809806575e-02 3.756437527743123184e+01
4.800000000000000000e+01 -1.169711124281377045e-02 8.420579860066092692e+01
4.800000000000000000e+01 -3.124161603783150443e-01 4.437048926950536654e+00
4.800000000000000000e+01 -5.573499495255302555e-02 2.955546119354767498e+01
1.090000000000000000e+02 1.000000000000000000e+00 1.320925951005523125e+01
1.090000000000000000e+02 7.871621050768949912e-01 5.926444317928810435e+00
1.090000000000000000e+02 -1.667752017624681438e-03 1.114088292792166754e+02
1.090000000000000000e+02 -3.273120780248423706e-02 2.956639137903322734e+01
1.090000000000000000e+02 -2.570834339192077170e-02 8.434131752858733932e+01
1.080000000000000000e+02 8.777761312090607282e-01 9.038203933178493799e+00
1.080000000000000000e+02 1.000000000000000000e+00 5.345594120783487391e+00
1.080000000000000000e+02 -1.476304999568014194e-03 1.116612058286388702e+02
1.080000000000000000e+02 -3.146440635601738256e-02 2.957505235078770411e+01
1.080000000000000000e+02 -2.572015831976350378e-02 8.434475643323364125e+01
3.600000000000000000e+01 -7.063778884623087688e-06 1.135557674979693701e+02
3.600000000000000000e+01 -1.570514483718415608e-02 3.942905011727153664e+01
3.600000000000000000e+01 -8.684100937789129490e-03 8.413940497086292680e+01
3.600000000000000000e+01 -2.055371374590913847e-01 4.451492154167146609e+00
3.600000000000000000e+01 -3.453453847135766475e-02 2.951847844408088051e+01
7.100000000000000000e+01 2.133096789535838048e-02 3.303249302422687350e+01
7.100000000000000000e+01 -2.066762979714231477e-05 1.136264401426757473e+02
7.100000000000000000e+01 -1.791087535235411782e-02 8.429516587100407321e+01
7.100000000000000000e+01 -7.457355417388535912e-01 4.395444435535236671e+00
7.100000000000000000e+01 -1.494466672907821259e-01 2.790784732491520970e+01
2.700000000000000000e+01 -7.343519784607976380e-06 1.134438978136633267e+02
2.700000000000000000e+01 -1.149210175502309202e-02 4.038364244036621642e+01
2.700000000000000000e+01 -6.605693484173093266e-03 8.406207540830618541e+01
2.700000000000000000e+01 -1.435296512772075150e-01 4.457903606418896381e+00
2.700000000000000000e+01 -2.332672974279045505e-02 2.947594825051027811e+01
5.500000000000000000e+01 -8.853956167109813778e-06 1.136317399306380764e+02
5.500000000000000000e+01 -1.477887123195457605e-02 3.614822656485767993e+01
5.500000000000000000e+01 -1.353926039581770761e-02 8.423617582486056676e+01
5.500000000000000000e+01 -3.973492851021274697e-01 4.425679559848791911e+00
5.500000000000000000e+01 -7.523897050174181700e-02 2.951721192966925855e+01
1.110000000000000000e+02 2.388626340608799581e-01 9.158900764341783685e+00
1.110000000000000000e+02 -1.194417843097133648e-02 4.142969023995918576e+01
1.110000000000000000e+02 -2.375370943036923463e-02 7.105290906761730696e+01
1.110000000000000000e+02 -8.098656102274048862e-02 2.318517693994675710e+01
1.110000000000000000e+02 -1.000000000000000000e+00 2.653857642453665289e+00
9.600000000000000000e+01 1.369772013117800391e-01 1.719879639130791205e+01
9.600000000000000000e+01 1.000000000000000000e+00 1.760025267015115080e-01
9.600000000000000000e+01 7.706587403056190189e-04 2.984337963588818354e+01
9.600000000000000000e+01 -3.211397515507953548e-04 1.131718054225863881e+02
9.600000000000000000e+01 -2.450068296085474578e-02 8.435917596240660998e+01
6.900000000000000000e+01 1.649473260780480108e-02 3.335626758535045155e+01
6.900000000000000000e+01 -1.769361999900568243e-05 1.136310232505232278e+02
6.900000000000000000e+01 -1.735663560404110753e-02 8.428786211466349698e+01
6.900000000000000000e+01 -6.811524854958359576e-01 4.399027605213506220e+00
6.900000000000000000e+01 -1.401322026725187464e-01 2.832120390227198925e+01
6.300000000000000000e+01 4.087758563844000824e-04 3.444301562139042971e+01
6.300000000000000000e+01 -1.211228579899124750e-05 1.136370185904952734e+02
6.300000000000000000e+01 -1.570202848966514506e-02 8.426676487589303122e+01
6.300000000000000000e+01 -5.323085081206099245e-01 4.410600924360359443e+00
6.300000000000000000e+01 -1.096524956775446341e-01 2.915243098852580061e+01
6.500000000000000000e+01 5.719428118794677579e-03 3.405714965592657251e+01
6.500000000000000000e+01 -1.354308390631541711e-05 1.136361331734962192e+02
6.500000000000000000e+01 -1.625094496023861412e-02 8.427390288302139254e+01
6.500000000000000000e+01 -5.759062008883523154e-01 4.406697925279952521e+00
6.500000000000000000e+01 -1.199085314496155519e-01 2.894097281345079153e+01
9.700000000000000000e+01 1.763876910943261156e-01 1.677211605198989375e+01
9.700000000000000000e+01 1.000000000000000000e+00 3.208488332499883633e-01
9.700000000000000000e+01 -3.652171905450178981e-04 1.131120527877610726e+02
9.700000000000000000e+01 -2.780661638668122972e-03 2.979601485137602523e+01
9.700000000000000000e+01 -2.469437585103950727e-02 8.435939106601671256e+01
3.400000000000000000e+01 -7.066476116831917847e-06 1.135384395008818501e+02
3.400000000000000000e+01 -1.482515414257629463e-02 3.967166402302456163e+01
3.400000000000000000e+01 -8.205392250815478350e-03 8.412529466199748640e+01
3.400000000000000000e+01 -1.907625724759690888e-01 4.453259685463179629e+00
3.400000000000000000e+01 -3.180545274777055176e-02 2.950947067421464709e+01
6.700000000000000000e+01 1.111516169879762234e-02 3.369563559852169021e+01
6.700000000000000000e+01 -1.536610040411206534e-05 1.136341862998730079e+02
6.700000000000000000e+01 -1.680281936028537801e-02 8.428088594347826756e+01
6.700000000000000000e+01 -6.251058920375944794e-01 4.402858920968258261e+00
6.700000000000000000e+01 -1.302246155644381786e-01 2.866534299626222904e+01
3.500000000000000000e+01 -7.061499173292290245e-06 1.135474845304983802e+02
3.500000000000000000e+01 -1.527151511832905602e-02 3.955262219593705453e+01
3.500000000000000000e+01 -8.443726100575872640e-03 8.413250760342522483e+01
3.500000000000000000e+01 -1.980673267678018101e-01 4.452399322399902992e+00
3.500000000000000000e+01 -3.314983883292572930e-02 2.951401657033326842e+01
5.400000000000000000e+01 -8.622848316952415052e-06 1.136301720925789738e+02
5.400000000000000000e+01 -1.577519699816473317e-02 3.636221954226181197e+01
5.400000000000000000e+01 -1.327299176358784881e-02 8.423207783523075420e+01
5.400000000000000000e+01 -3.837367122766954242e-01 4.427427403903756442e+00
5.400000000000000000e+01 -7.192577129178316653e-02 2.953031558421315594e+01
5.900000000000000000e+01 -1.010349368889807419e-05 1.136360274353932454e+02
5.900000000000000000e+01 -8.766362530636237840e-03 3.527899453645607508e+01
5.900000000000000000e+01 -1.461370227561653405e-02 8.425191694007574483e+01
5.900000000000000000e+01 -4.582405245595653764e-01 4.418337477028860150e+00
5.900000000000000000e+01 -9.072357208918900573e-02 2.941001928947959598e+01
5.700000000000000000e+01 -9.405597348083998891e-06 1.136342807510589381e+02
5.700000000000000000e+01 -1.219509365575934499e-02 3.571420774212327132e+01
5.700000000000000000e+01 -1.407465558014014614e-02 8.424416961322836528e+01
5.700000000000000000e+01 -4.264054741241308233e-01 4.422073578825509443e+00
5.700000000000000000e+01 -8.251919586874068013e-02 2.947686320210909372e+01
8.700000000000000000e+01 2.838392873309190240e-02 3.067420424625878184e+01
8.700000000000000000e+01 -1.060046656569533016e-04 1.134846330320237939e+02
8.700000000000000000e+01 -1.000000000000000000e+00 9.979599550779814088e-01
8.700000000000000000e+01 -2.234705792848882752e-02 8.434381803003340394e+01
8.700000000000000000e+01 -1.218219434483267666e-01 2.149302791387741962e+01
7.700000000000000000e+01 3.166895363444448275e-02 3.211302736100888922e+01
7.700000000000000000e+01 -3.547985150619726192e-05 1.136011158746801186e+02
7.700000000000000000e+01 -1.958573528232552402e-02 8.431583325650530014e+01
7.700000000000000000e+01 -1.000000000000000000e+00 3.623687707450519824e+00
7.700000000000000000e+01 -1.700674222457687068e-01 2.620303989980554960e+01
7.700000000000000000e+01 -1.000000000000000000e+00 5.311244036032605642e+00
4.500000000000000000e+01 -7.409002843364804345e-06 1.136061559184499714e+02
4.500000000000000000e+01 -1.848630830382275853e-02 3.809957871587558031e+01
4.500000000000000000e+01 -1.092462487864407326e-02 8.419131365640987497e+01
4.500000000000000000e+01 -2.820630910599352670e-01 4.441269341560178496e+00
4.500000000000000000e+01 -4.940267673068277771e-02 2.955120289640555242e+01
9.200000000000000000e+01 1.484249849287763018e-02 3.012028436268138165e+01
9.200000000000000000e+01 -1.941350572681687877e-04 1.133513030969220523e+02
9.200000000000000000e+01 -1.620282145928385710e-03 1.894986660905293974e+01
9.200000000000000000e+01 -1.000000000000000000e+00 3.515154878429582741e-01
9.200000000000000000e+01 -2.361727262237961478e-02 8.435472279282619468e+01
9.100000000000000000e+01 1.806786938506842535e-02 3.021363800078287198e+01
9.100000000000000000e+01 -1.721064559559161119e-04 1.133845185705969953e+02
9.100000000000000000e+01 -1.000000000000000000e+00 4.778076815514762377e-01
9.100000000000000000e+01 -3.116998121551724926e-02 1.941972082803213340e+01
9.100000000000000000e+01 -2.337768264387297609e-02 8.435224069101974465e+01
1.200000000000000000e+02 2.397838567274473698e-01 8.003575191082594742e+00
1.200000000000000000e+02 -1.835754911900922600e-03 3.743028310884414367e+01
1.200000000000000000e+02 -6.046771220813230985e-02 2.059461416469082451e+01
1.200000000000000000e+02 -2.568426462010143727e-02 6.661959808335592470e+01
1.200000000000000000e+02 -1.000000000000000000e+00 3.651669470678234219e+00
4.400000000000000000e+01 -7.338953541052466368e-06 1.136021783796232540e+02
4.400000000000000000e+01 -1.833374287746586395e-02 3.826753317320667236e+01
4.400000000000000000e+01 -1.066968319241903308e-02 8.418623658804648358e+01
4.400000000000000000e+01 -2.725733037699658579e-01 4.442586385074409172e+00
4.400000000000000000e+01 -4.748069894475923092e-02 2.954865897458660839e+01
5.200000000000000000e+01 -8.233888038582347086e-06 1.136264288077772449e+02
5.200000000000000000e+01 -1.724715382897613544e-02 3.678035702704426058e+01
5.200000000000000000e+01 -1.274344155171207825e-02 8.422365978029124278e+01
5.200000000000000000e+01 -3.581295766511664591e-01 4.430803984314375832e+00
5.200000000000000000e+01 -6.588544759197859091e-02 2.954668024269237137e+01
8.100000000000000000e+01 3.396996763997608970e-02 3.151830530829910515e+01
8.100000000000000000e+01 -5.367759633545125591e-05 1.135698343587341839e+02
8.100000000000000000e+01 -2.070663493991492868e-02 8.432727904477576431e+01
8.100000000000000000e+01 -1.000000000000000000e+00 2.008593863430322646e+00
8.100000000000000000e+01 -1.713375665832106987e-01 2.459887103147640275e+01
9.800000000000000000e+01 2.178674697452988029e-01 1.634152633504315233e+01
9.800000000000000000e+01 1.000000000000000000e+00 4.746607587474837575e-01
9.800000000000000000e+01 -4.136080567207728689e-04 1.130446538275506185e+02
9.800000000000000000e+01 -6.257698115983927230e-03 2.975589860107991313e+01
9.800000000000000000e+01 -2.486979493164190314e-02 8.436027112842228348e+01
9.400000000000000000e+01 6.377465643079870128e-02 1.805576032466474246e+01
9.400000000000000000e+01 7.928016993010773839e-03 2.996305068156794960e+01
9.400000000000000000e+01 -2.498859807921600907e-04 1.132720982659597837e+02
9.400000000000000000e+01 -1.000000000000000000e+00 9.491940825945786864e-02
9.400000000000000000e+01 -2.408144175216430163e-02 8.435691535629980820e+01
8.800000000000000000e+01 2.626253502632069914e-02 3.054775990998780344e+01
8.800000000000000000e+01 -1.195672559139843963e-04 1.134637756079970075e+02
8.800000000000000000e+01 -1.000000000000000000e+00 8.631819342157548425e-01
8.800000000000000000e+01 -2.261273699185878047e-02 8.434591155330200252e+01
8.800000000000000000e+01 -1.037498670753549956e-01 2.095016186458808249e+01
7.200000000000000000e+01 2.352586308613882626e-02 3.287506021625318198e+01
7.200000000000000000e+01 -2.244773319058572555e-05 1.136235358703313096e+02
7.200000000000000000e+01 -1.818836135505623799e-02 8.429890033753028433e+01
7.200000000000000000e+01 -7.819062261451087403e-01 4.393769811817597848e+00
7.200000000000000000e+01 -1.537704633293008327e-01 2.767400332520445616e+01
1.230000000000000000e+02 2.405623022576618142e-01 7.701201500474861739e+00
1.230000000000000000e+02 5.017339304668053807e-03 3.596474532057858653e+01
1.230000000000000000e+02 -4.960412193962281807e-02 1.983799256091807450e+01
1.230000000000000000e+02 -2.647669978376630123e-02 6.541051344983998206e+01
1.230000000000000000e+02 -1.000000000000000000e+00 3.721021495331775064e+00
1.050000000000000000e+02 5.903943553612329698e-01 1.267914213188543471e+01
1.050000000000000000e+02 1.000000000000000000e+00 2.185149987194349830e+00
1.050000000000000000e+02 -1.017024712580076378e-03 1.122605520517828666e+02
1.050000000000000000e+02 -2.620638743844931617e-02 2.960541248011414339e+01
1.050000000000000000e+02 -2.565354613168678577e-02 8.435236786591954683e+01
1.170000000000000000e+02 2.398191222632807817e-01 8.323053367458779661e+00
1.170000000000000000e+02 -6.513611245815404370e-03 3.877758335168835657e+01
1.170000000000000000e+02 -6.944959816376171380e-02 2.140766257115610571e+01
1.170000000000000000e+02 -2.495836704647836843e-02 6.794008301936369776e+01
1.170000000000000000e+02 -1.000000000000000000e+00 3.417835751262087829e+00
2.100000000000000000e+01 -8.103313894558047953e-06 1.132767214121531509e+02
2.100000000000000000e+01 -8.585596026411347961e-03 4.083340345533373750e+01
2.100000000000000000e+01 -5.369897453605336664e-03 8.397331865455184641e+01
2.100000000000000000e+01 -1.072001847123126433e-01 4.459657724047692007e+00
2.100000000000000000e+01 -1.705283994639845285e-02 2.944433504174661920e+01
9.300000000000000000e+01 3.006035613464579440e-02 1.849606740763467627e+01
9.300000000000000000e+01 1.144198866122275900e-02 3.003677407612933337e+01
9.300000000000000000e+01 -2.201693931896893700e-04 1.133140191983034981e+02
9.300000000000000000e+01 -1.000000000000000000e+00 2.243029782002898265e-01
9.300000000000000000e+01 -2.385383155644360542e-02 8.435592362752626627e+01
2.900000000000000000e+01 -7.214400576234349757e-06 1.134780287838482735e+02
2.900000000000000000e+01 -1.246696438943645409e-02 4.020132316338712286e+01
2.900000000000000000e+01 -7.048845570631934697e-03 8.408301834968673916e+01
2.900000000000000000e+01 -1.564060191188194060e-01 4.456834266142777778e+00
2.900000000000000000e+01 -2.560302840420053058e-02 2.948579968800784101e+01
2.800000000000000000e+01 -7.273050016042226954e-06 1.134618787115025782e+02
2.800000000000000000e+01 -1.198050068677507934e-02 4.029454636296530623e+01
2.800000000000000000e+01 -6.825678671496311634e-03 8.407291510173705262e+01
2.800000000000000000e+01 -1.499130140317070092e-01 4.457396211672073782e+00
2.800000000000000000e+01 -2.445198728316236303e-02 2.948090341751543875e+01
8.500000000000000000e+01 3.158233513000732046e-02 3.094314256265015217e+01
8.500000000000000000e+01 -8.397756970335293271e-05 1.135197955599370374e+02
8.500000000000000000e+01 -1.000000000000000000e+00 1.285873053700059776e+00
8.500000000000000000e+01 -2.180946720932338753e-02 8.433845514590819903e+01
8.500000000000000000e+01 -1.486146730058297005e-01 2.258652105013386802e+01
6.100000000000000000e+01 -1.098826284838314880e-05 1.136369567343071907e+02
6.100000000000000000e+01 -4.512771318709544489e-03 3.485221651553823818e+01
6.100000000000000000e+01 -1.515621936689241431e-02 8.425944190739845396e+01
6.100000000000000000e+01 -4.933402421971665452e-01 4.414499721301309521e+00
6.100000000000000000e+01 -9.982440737601945557e-02 2.930567650383078160e+01
6.400000000000000000e+01 3.035778489773616889e-03 3.424699627538395674e+01
6.400000000000000000e+01 -1.278441387318741512e-05 1.136367005561971695e+02
6.400000000000000000e+01 -1.597611052107772781e-02 8.427035606410247226e+01
6.400000000000000000e+01 -5.534736149476128242e-01 4.408645640465771010e+00
6.400000000000000000e+01 -1.147490685830410695e-01 2.905442636741002360e+01
4.900000000000000000e+01 -7.796160792060790779e-06 1.136192084255492460e+02
4.900000000000000000e+01 -1.838520623134545090e-02 3.737564944381109200e+01
4.900000000000000000e+01 -1.195701704935788270e-02 8.421040582200065217e+01
4.900000000000000000e+01 -3.232326952875040904e-01 4.435553063574922739e+00
4.900000000000000000e+01 -5.806629437791398229e-02 2.955527979249371384e+01
1.190000000000000000e+02 2.397805987664610172e-01 8.105165408009886718e+00
1.190000000000000000e+02 -3.586849397981093420e-03 3.788280324075822136e+01
1.190000000000000000e+02 -6.368720774683707397e-02 2.085969799551065407e+01
1.190000000000000000e+02 -2.543687452004560201e-02 6.704633575546164082e+01
1.190000000000000000e+02 -1.000000000000000000e+00 3.586721725892450419e+00
6.000000000000000000e+01 -1.051955632802681031e-05 1.136365967312701741e+02
6.000000000000000000e+01 -6.736267529322856155e-03 3.506393307920912861e+01
6.000000000000000000e+01 -1.488453808663311485e-02 8.425570586118216454e+01
6.000000000000000000e+01 -4.753477167546705240e-01 4.416429087267696119e+00
6.000000000000000000e+01 -9.516896566096870458e-02 2.936326830551399780e+01
1.070000000000000000e+02 7.544298248144308827e-01 1.088032537781703191e+01
1.070000000000000000e+02 1.000000000000000000e+00 3.453178742007446900e+00
1.070000000000000000e+02 -1.309229059935585002e-03 1.118855383731360007e+02
1.070000000000000000e+02 -2.995541243609737420e-02 2.958421796710315022e+01
1.070000000000000000e+02 -2.571795982575193415e-02 8.434728051658643722e+01
8.300000000000000000e+01 3.341597766972428246e-02 3.122659852667100466e+01
8.300000000000000000e+01 -6.691317258513243863e-05 1.135477050928881795e+02
8.300000000000000000e+01 -1.000000000000000000e+00 1.612786833867054126e+00
8.300000000000000000e+01 -2.126154931278154483e-02 8.433291023017089572e+01
8.300000000000000000e+01 -1.642145214018231603e-01 2.363727014814040572e+01
4.200000000000000000e+01 -7.225135532729864794e-06 1.135932127137075298e+02
4.200000000000000000e+01 -1.787587957832787941e-02 3.858787270714879014e+01
4.200000000000000000e+01 -1.016392395286587307e-02 8.417564951016443331e+01
4.200000000000000000e+01 -2.544239762290876894e-01 4.445085130639362170e+00
4.200000000000000000e+01 -4.387291738714801936e-02 2.954245355494352765e+01
1.130000000000000000e+02 2.393640554772028528e-01 8.841983365993336008e+00
1.130000000000000000e+02 -1.058837537127160951e-02 4.054928365641936239e+01
1.130000000000000000e+02 -2.411120724703198076e-02 6.993128583599707326e+01
1.130000000000000000e+02 -7.814930588868027050e-02 2.257138431357634190e+01
1.130000000000000000e+02 -1.000000000000000000e+00 2.945046087234803878e+00
8.900000000000000000e+01 2.382864068011750561e-02 3.042812931008141319e+01
8.900000000000000000e+01 -1.344749011648495708e-04 1.134403324237485577e+02
8.900000000000000000e+01 -1.000000000000000000e+00 7.324462217378898687e-01
8.900000000000000000e+01 -8.239884724141409433e-02 2.042184480606390196e+01
8.900000000000000000e+01 -2.287003139716444269e-02 8.434884420767409097e+01
7.400000000000000000e+01 2.738864725269433628e-02 3.256640210184669826e+01
7.400000000000000000e+01 -2.672758440803509416e-05 1.136163015931788891e+02
7.400000000000000000e+01 -1.874506729337886354e-02 8.430618823730335976e+01
7.400000000000000000e+01 -8.638104431268549543e-01 4.390735264759813461e+00
7.400000000000000000e+01 -1.615345219735043192e-01 2.714878825463785716e+01
1.040000000000000000e+02 5.239892036110531670e-01 1.334287429790681934e+01
1.040000000000000000e+02 1.000000000000000000e+00 1.806711666040829556e+00
1.040000000000000000e+02 -8.948535165081024888e-04 1.124167733466528318e+02
1.040000000000000000e+02 -2.397284466397740094e-02 2.961796853982549749e+01
1.040000000000000000e+02 -2.559406529325079435e-02 8.435444367582458369e+01
5.000000000000000000e+01 -7.925452558872481874e-06 1.136218397330010532e+02
5.000000000000000000e+01 -1.812849901717417112e-02 3.718193122475167911e+01
5.000000000000000000e+01 -1.221806356481557922e-02 8.421491439931823209e+01
5.000000000000000000e+01 -3.344386298271755931e-01 4.434013236554521953e+00
5.000000000000000000e+01 -6.052641773300228983e-02 2.955395939962101437e+01
8.000000000000000000e+01 3.378254034581647247e-02 3.166586763103322966e+01
8.000000000000000000e+01 -4.827117605054320195e-05 1.135791057440524554e+02
8.000000000000000000e+01 -2.042761222144899233e-02 8.432440629346997696e+01
8.000000000000000000e+01 -1.000000000000000000e+00 2.251138527363105268e+00
8.000000000000000000e+01 -1.726275471540618389e-01 2.503974328324238741e+01
