2.000000000000000000e+01 -2.450331887961624992e-08 5.402812000000000170e-01 4.861553501709283830e-05
2.100000000000000000e+01 -2.711308935063431238e-08 5.402812000000000170e-01 5.384921555229722203e-05
2.200000000000000000e+01 -2.987031014298477476e-08 5.402812000000000170e-01 5.939028611791836488e-05
2.300000000000000000e+01 -3.277870272182909926e-08 5.402812000000000170e-01 6.524830671475138476e-05
2.400000000000000000e+01 -3.584020083352725130e-08 5.402812000000000170e-01 7.142915734322334011e-05
2.500000000000000000e+01 -3.905879933557786840e-08 5.402812000000000170e-01 7.794323800418986544e-05
2.600000000000000000e+01 -4.243805700386439017e-08 5.402812000000000170e-01 8.480023869841968743e-05
2.700000000000000000e+01 -4.598175916786429500e-08 5.402812000000000170e-01 9.201049942673093654e-05
2.800000000000000000e+01 -4.969388120130813982e-08 5.402812000000000170e-01 9.958499018998454553e-05
2.900000000000000000e+01 -5.357859852217945741e-08 5.402812000000000170e-01 1.075353109890859300e-04
3.000000000000000000e+01 -5.764030564876321374e-08 5.402812000000000170e-01 1.158738118249901737e-04
3.100000000000000000e+01 -6.188429345629382061e-08 5.402812000000000170e-01 1.246152126988449315e-04
3.200000000000000000e+01 -6.631419953581186793e-08 5.402812000000000170e-01 1.337704136114510666e-04
3.300000000000000000e+01 -7.093554136040176900e-08 5.402812000000000170e-01 1.433554145640153173e-04
3.400000000000000000e+01 -7.575366112290681566e-08 5.402812000000000170e-01 1.533856155577045495e-04
3.500000000000000000e+01 -8.077416157665392349e-08 5.402812000000000170e-01 1.638776165937494639e-04
3.600000000000000000e+01 -8.600280839533328956e-08 5.402812000000000170e-01 1.748489176734229454e-04
3.700000000000000000e+01 -9.144572507958074925e-08 5.402812000000000170e-01 1.863177187980709490e-04
3.800000000000000000e+01 -9.710915587734717714e-08 5.402812000000000170e-01 1.983038199690848611e-04
3.900000000000000000e+01 -1.029996228635302782e-07 5.402812000000000170e-01 2.108277211879151791e-04
4.000000000000000000e+01 -1.091242037669216300e-07 5.402812000000000170e-01 2.239113224561308662e-04
4.100000000000000000e+01 -1.154905876241079002e-07 5.402810999999999586e-01 2.375793237754499966e-04
4.200000000000000000e+01 -1.221049696171867062e-07 5.402810999999999586e-01 2.518535251472859703e-04
4.300000000000000000e+01 -1.289758024504157513e-07 5.402810999999999586e-01 2.667611265735282591e-04
4.400000000000000000e+01 -1.361109515615980654e-07 5.402810999999999586e-01 2.823298280559716103e-04
4.500000000000000000e+01 -1.435187380424320415e-07 5.402810999999999586e-01 2.985887295965114832e-04
4.600000000000000000e+01 -1.512078688253416882e-07 5.402810999999999586e-01 3.155687311971381139e-04
4.700000000000000000e+01 -1.591872192301871409e-07 5.402810999999999586e-01 3.333026328599002826e-04
4.800000000000000000e+01 -1.674660980576753042e-07 5.402810999999999586e-01 3.518253345869541172e-04
4.900000000000000000e+01 -1.760538824959507259e-07 5.402810999999999586e-01 3.711736363804967798e-04
5.000000000000000000e+01 -1.849602308541291217e-07 5.402810000000000112e-01 3.913867382428109273e-04
5.100000000000000000e+01 -1.941954174688773413e-07 5.402810000000000112e-01 4.125060401763203707e-04
5.200000000000000000e+01 -2.037697756247877629e-07 5.402810000000000112e-01 4.345760421835064653e-04
5.300000000000000000e+01 -2.136940975543721473e-07 5.402810000000000112e-01 4.576443442669777162e-04
5.400000000000000000e+01 -2.239779278500394068e-07 5.402810000000000112e-01 4.817582464291204273e-04
5.500000000000000000e+01 -2.346328417335566973e-07 5.402808999999999529e-01 5.069717486727772513e-04
5.600000000000000000e+01 -2.456696304542639119e-07 5.402808999999999529e-01 5.333410510006877242e-04
5.700000000000000000e+01 -2.570993569429596792e-07 5.402808999999999529e-01 5.609259534156933865e-04
5.800000000000000000e+01 -2.689331383586118472e-07 5.402808000000000055e-01 5.897899559207018215e-04
5.900000000000000000e+01 -2.811815635416595033e-07 5.402808000000000055e-01 6.200001585185830255e-04
6.000000000000000000e+01 -2.938556312146075953e-07 5.402808000000000055e-01 6.516287612123562939e-04
6.100000000000000000e+01 -3.069656245149717425e-07 5.402806999999999471e-01 6.847520640049784609e-04
6.200000000000000000e+01 -3.205215364623441735e-07 5.402806999999999471e-01 7.194514668994334700e-04
6.300000000000000000e+01 -3.345328175985198529e-07 5.402805999999999997e-01 7.558137698986929030e-04
6.400000000000000000e+01 -3.490082410809129264e-07 5.402805000000000524e-01 7.939313730056952317e-04
6.500000000000000000e+01 -3.639553328693948211e-07 5.402805000000000524e-01 8.339026762232526046e-04
6.600000000000000000e+01 -3.793806495532407588e-07 5.402803999999999940e-01 8.758327795541102825e-04
6.700000000000000000e+01 -3.952895514583289458e-07 5.402803000000000466e-01 9.198347830009263740e-04
6.800000000000000000e+01 -4.116843356854610883e-07 5.402801999999999882e-01 9.660255865658821505e-04
6.900000000000000000e+01 -4.285661049403339252e-07 5.402801000000000409e-01 1.014534090251133702e-03
7.000000000000000000e+01 -4.459333321844149414e-07 5.402799999999999825e-01 1.065495094058466815e-03
7.100000000000000000e+01 -4.637808483439815557e-07 5.402799000000000351e-01 1.119055097989211673e-03
7.200000000000000000e+01 -4.820996008154909629e-07 5.402797999999999767e-01 1.175369102044148198e-03
7.300000000000000000e+01 -5.008764171332662828e-07 5.402795999999999710e-01 1.234603106223506252e-03
7.400000000000000000e+01 -5.200923795024491391e-07 5.402793999999999652e-01 1.296933110526664540e-03
7.500000000000000000e+01 -5.397223012002251426e-07 5.402793000000000179e-01 1.362548114952106095e-03
7.600000000000000000e+01 -5.597337265758403805e-07 5.402791000000000121e-01 1.431650119497242420e-03
7.700000000000000000e+01 -5.800855819847677697e-07 5.402787999999999480e-01 1.504456124158210124e-03
7.800000000000000000e+01 -6.007264503216599609e-07 5.402786000000000532e-01 1.581197128929553563e-03
7.900000000000000000e+01 -6.215935219545112739e-07 5.402782999999999891e-01 1.662120133804072643e-03
8.000000000000000000e+01 -6.426097711259208426e-07 5.402780000000000360e-01 1.747491138772374773e-03
8.100000000000000000e+01 -6.636830795518858222e-07 5.402776999999999719e-01 1.837592143822677597e-03
8.200000000000000000e+01 -6.847016637572356832e-07 5.402772999999999604e-01 1.932726148940086455e-03
8.300000000000000000e+01 -7.055323260098069597e-07 5.402768999999999489e-01 2.033219154106318590e-03
8.400000000000000000e+01 -7.260182779192556702e-07 5.402763999999999900e-01 2.139417159299279725e-03
8.500000000000000000e+01 -7.459734187066553017e-07 5.402759000000000311e-01 2.251693164492170243e-03
8.600000000000000000e+01 -7.651781097374895605e-07 5.402753000000000139e-01 2.370446169652732846e-03
8.700000000000000000e+01 -7.833746509229399499e-07 5.402746000000000492e-01 2.496104174742509382e-03
8.800000000000000000e+01 -8.002601061870672343e-07 5.402738999999999736e-01 2.629125179715602594e-03
8.900000000000000000e+01 -8.154831289339335100e-07 5.402730999999999506e-01 2.769998184518140429e-03
9.000000000000000000e+01 -8.286285657844210774e-07 5.402721999999999802e-01 2.919251189085704870e-03
9.100000000000000000e+01 -8.392178056420804598e-07 5.402711999999999515e-01 3.077449193343369423e-03
9.200000000000000000e+01 -8.466916051604658577e-07 5.402700999999999754e-01 3.245195197202711389e-03
9.300000000000000000e+01 -8.504000415457252041e-07 5.402687999999999935e-01 3.423136200560151620e-03
9.400000000000000000e+01 -8.495914653592075552e-07 5.402673999999999532e-01 3.611969203295119918e-03
9.500000000000000000e+01 -8.433905005177978027e-07 5.402658999999999656e-01 3.812441205266210893e-03
9.600000000000000000e+01 -8.307880442940693932e-07 5.402641000000000249e-01 4.025349206309441000e-03
9.700000000000000000e+01 -8.106138238557240098e-07 5.402620999999999674e-01 4.251554206233675373e-03
9.800000000000000000e+01 -7.815136179964273308e-07 5.402599000000000151e-01 4.491974204816537135e-03
9.900000000000000000e+01 -7.419246391422803150e-07 5.402573999999999987e-01 4.747599201800347182e-03
1.000000000000000000e+02 -6.900424060169574371e-07 5.402546000000000292e-01 5.019486196886266058e-03
1.010000000000000000e+02 -6.237834747142252156e-07 5.402514000000000483e-01 5.308772189727977917e-03
1.020000000000000000e+02 -5.407430896327311685e-07 5.402479000000000031e-01 5.616676179924342920e-03
1.030000000000000000e+02 -4.381497872132817952e-07 5.402438000000000518e-01 5.944507167011585033e-03
1.040000000000000000e+02 -3.128065232751023715e-07 5.402392999999999779e-01 6.293669150453099631e-03
1.050000000000000000e+02 -1.610311022204026123e-07 5.402341999999999977e-01 6.665670129629191337e-03
1.060000000000000000e+02 2.141982296446583865e-08 5.402285000000000004e-01 7.062122103823806861e-03
1.070000000000000000e+02 2.394330668333678427e-07 5.402219999999999800e-01 7.484760072210461593e-03
1.080000000000000000e+02 4.986384841435043518e-07 5.402145999999999892e-01 7.935447033834936575e-03
1.090000000000000000e+02 8.055141189196635082e-07 5.402063000000000281e-01 8.416175987596955302e-03
1.100000000000000000e+02 1.039072768336525739e-02 3.415267000000000164e-01 3.818621922920054090e-01
1.110000000000000000e+02 1.100309766826632583e-02 3.277630000000000265e-01 3.909147855511601044e-01
1.120000000000000000e+02 1.160095511308368958e-02 3.140793000000000057e-01 3.992079813316645742e-01
1.130000000000000000e+02 1.218599227000304909e-02 3.004452000000000234e-01 4.068119793392342420e-01
1.140000000000000000e+02 1.275810507314550750e-02 2.868765999999999816e-01 4.137607795925499210e-01
1.150000000000000000e+02 1.331759970097201248e-02 2.733797000000000033e-01 4.200897820387126669e-01
1.160000000000000000e+02 1.386555362347542848e-02 2.599319999999999964e-01 4.258417864903201733e-01
1.170000000000000000e+02 1.440204090727183021e-02 2.465417000000000025e-01 4.310400929348004451e-01
1.180000000000000000e+02 1.492749610766398900e-02 2.332027999999999879e-01 4.357108012967065847e-01
1.190000000000000000e+02 1.544237318654243483e-02 2.199062999999999990e-01 4.398766114971533470e-01
1.200000000000000000e+02 1.594716575673123249e-02 2.066365000000000007e-01 4.435582234503039900e-01
1.210000000000000000e+02 1.644258704707867932e-02 1.933665999999999996e-01 4.467741370319586180e-01
1.220000000000000000e+02 1.085372875638854553e-02 1.817840000000000011e-01 3.301302106951510829e-01
1.230000000000000000e+02 8.293107629438054712e-03 1.739343999999999890e-01 2.752804567724349560e-01
