|==============|==============|==============|==============|==============|==============|==============|
|     mode     |  eval_real   |  eval_imag   | freq_n (Hz)  | freq_d (Hz)  |   damping    |  period (s)  |
|==============|==============|==============|==============|==============|==============|==============|
|      0       |   0.735700   |  81.441919   |  12.962413   |  12.961884   |  -0.009033   |   0.077149   |
|      1       |   0.735700   |  -81.441919  |  12.962413   |  12.961884   |  -0.009033   |   0.077149   |
|      2       |  -3.767158   | -304.391027  |  48.449046   |  48.445337   |   0.012375   |   0.020642   |
|      3       |  -3.767158   |  304.391027  |  48.449046   |  48.445337   |   0.012375   |   0.020642   |
|      4       |  -7.275428   |  967.759249  |  154.028021  |  154.023668  |   0.007518   |   0.006493   |
|      5       |  -7.275428   | -967.759249  |  154.028021  |  154.023668  |   0.007518   |   0.006493   |
|      6       |  -7.377454   | -1607.029172 |  255.769331  |  255.766636  |   0.004591   |   0.003910   |
|      7       |  -7.377454   | 1607.029172  |  255.769331  |  255.766636  |   0.004591   |   0.003910   |
|      8       |  -7.429809   |  468.943348  |  74.644019   |  74.634652   |   0.015842   |   0.013399   |
|      9       |  -7.429809   | -468.943348  |  74.644019   |  74.634652   |   0.015842   |   0.013399   |
|      10      |  -10.336531  | 1098.997715  |  174.918655  |  174.910919  |   0.009405   |   0.005717   |
|      11      |  -10.336531  | -1098.997715 |  174.918655  |  174.910919  |   0.009405   |   0.005717   |
|      12      |  -11.413444  | -164.383184  |  26.225382   |  26.162396   |   0.069265   |   0.038223   |
|      13      |  -11.413444  |  164.383184  |  26.225382   |  26.162396   |   0.069265   |   0.038223   |
|      14      |  -15.554534  |  -42.700246  |   7.232808   |   6.795955   |   0.342271   |   0.147146   |
|      15      |  -15.554534  |  42.700246   |   7.232808   |   6.795955   |   0.342271   |   0.147146   |
|      16      | -275.252902  |  -0.000000   |  43.807860   |   0.000000   |   1.000000   |     inf      |
|      17      | -406.834213  |  -0.000000   |  64.749676   |   0.000000   |   1.000000   |     inf      |
|      18      | -438.827340  |  729.186044  |  135.448405  |  116.053563  |   0.515632   |   0.008617   |
|      19      | -438.827340  | -729.186044  |  135.448405  |  116.053563  |   0.515632   |   0.008617   |
|      20      | -469.998772  | -400.496292  |  98.276873   |  63.740965   |   0.761142   |   0.015688   |
|      21      | -469.998772  |  400.496292  |  98.276873   |  63.740965   |   0.761142   |   0.015688   |
|      22      | -479.666865  |  447.657797  |  104.422843  |  71.246951   |   0.731079   |   0.014036   |
|      23      | -479.666865  | -447.657797  |  104.422843  |  71.246951   |   0.731079   |   0.014036   |
|      24      | -517.352888  |  -0.000000   |  82.339269   |   0.000000   |   1.000000   |     inf      |
|      25      | -576.266094  |   0.000000   |  91.715597   |   0.000000   |   1.000000   |     inf      |
|      26      | -665.071632  | -139.141108  |  108.141131  |  22.144995   |   0.978808   |   0.045157   |
|      27      | -665.071632  |  139.141108  |  108.141131  |  22.144995   |   0.978808   |   0.045157   |
|      28      | -884.872332  | -172.190599  |  143.473449  |  27.404985   |   0.981588   |   0.036490   |
|      29      | -884.872332  |  172.190599  |  143.473449  |  27.404985   |   0.981588   |   0.036490   |
|      30      | -1116.476307 |  -0.000000   |  177.692723  |   0.000000   |   1.000000   |     inf      |
|      31      | -1393.873980 |  -0.000000   |  221.841934  |   0.000000   |   1.000000   |     inf      |
|      32      | -1816.608647 |  -0.000000   |  289.122246  |   0.000000   |   1.000000   |     inf      |
|      33      | -1856.944690 |   0.000000   |  295.541927  |   0.000000   |   1.000000   |     inf      |
|      34      | -2056.149057 |   0.000000   |  327.246286  |   0.000000   |   1.000000   |     inf      |
|      35      | -2537.794714 |   0.000000   |  403.902573  |   0.000000   |   1.000000   |     inf      |
|      36      | -3066.343996 |  302.422886  |  490.391611  |  48.132097   |   0.995172   |   0.020776   |
|      37      | -3066.343996 | -302.422886  |  490.391611  |  48.132097   |   0.995172   |   0.020776   |
|      38      | -3302.360327 |  -0.000000   |  525.586970  |   0.000000   |   1.000000   |     inf      |
|      39      | -3651.215331 |   0.000000   |  581.108968  |   0.000000   |   1.000000   |     inf      |
|      40      | -5422.384340 | 5871.352092  | 1271.995811  |  934.454708  |   0.678461   |   0.001070   |
|      41      | -5422.384340 | -5871.352092 | 1271.995811  |  934.454708  |   0.678461   |   0.001070   |
|      42      | -5581.015058 | -5863.156574 | 1288.313150  |  933.150351  |   0.689464   |   0.001072   |
|      43      | -5581.015058 | 5863.156574  | 1288.313150  |  933.150351  |   0.689464   |   0.001072   |
|      44      | -5859.681005 | 5877.659078  | 1320.916398  |  935.458496  |   0.706023   |   0.001069   |
|      45      | -5859.681005 | -5877.659078 | 1320.916398  |  935.458496  |   0.706023   |   0.001069   |
|      46      | -5999.036990 |   0.000000   |  954.776391  |   0.000000   |   1.000000   |     inf      |
|      47      | -6026.703480 | 1657.649771  |  994.800612  |  263.823155  |   0.964193   |   0.003790   |
|      48      | -6026.703480 | -1657.649771 |  994.800612  |  263.823155  |   0.964193   |   0.003790   |
|      49      | -6173.898041 | 8129.189916  | 1624.634027  | 1293.800758  |   0.604817   |   0.000773   |
|      50      | -6173.898041 | -8129.189916 | 1624.634027  | 1293.800758  |   0.604817   |   0.000773   |
|      51      | -6229.186479 | -5908.681465 | 1366.466200  |  940.395862  |   0.725525   |   0.001063   |
|      52      | -6229.186479 | 5908.681465  | 1366.466200  |  940.395862  |   0.725525   |   0.001063   |
|      53      | -6250.910533 |   0.000000   |  994.863310  |   0.000000   |   1.000000   |     inf      |
|      54      | -6527.986643 |   0.000000   | 1038.961343  |   0.000000   |   1.000000   |     inf      |
|      55      | -6569.152752 | -3947.390869 | 1219.750677  |  628.246769  |   0.857153   |   0.001592   |
|      56      | -6569.152752 | 3947.390869  | 1219.750677  |  628.246769  |   0.857153   |   0.001592   |
|      57      | -6797.698579 |   0.000000   | 1081.887330  |   0.000000   |   1.000000   |     inf      |
|      58      | -7505.581267 | 5995.796908  | 1528.909440  |  954.260716  |   0.781309   |   0.001048   |
|      59      | -7505.581267 | -5995.796908 | 1528.909440  |  954.260716  |   0.781309   |   0.001048   |
|      60      | -7906.987855 |   0.000000   | 1258.436202  |   0.000000   |   1.000000   |     inf      |
|      61      | -7956.141952 | -3298.702772 | 1370.781806  |  525.004852  |   0.923750   |   0.001905   |
|      62      | -7956.141952 | 3298.702772  | 1370.781806  |  525.004852  |   0.923750   |   0.001905   |
|      63      | -8215.890010 | 9173.450548  | 1959.953181  | 1460.000000  |   0.667159   |   0.000685   |
|==============|==============|==============|==============|==============|==============|==============||==============|==============|==============|==============|==============|==============|==============|
|     mode     |  eval_real   |  eval_imag   | freq_n (Hz)  | freq_d (Hz)  |   damping    |  period (s)  |
|==============|==============|==============|==============|==============|==============|==============|
|      0       |   0.642691   |  -82.116498  |  13.069647   |  13.069247   |  -0.007826   |   0.076516   |
|      1       |   0.642691   |  82.116498   |  13.069647   |  13.069247   |  -0.007826   |   0.076516   |
|      2       |  -3.748470   |  304.759909  |  48.507715   |  48.504046   |   0.012299   |   0.020617   |
|      3       |  -3.748470   | -304.759909  |  48.507715   |  48.504046   |   0.012299   |   0.020617   |
|      4       |  -7.271951   | -968.453529  |  154.138511  |  154.134166  |   0.007509   |   0.006488   |
|      5       |  -7.271951   |  968.453529  |  154.138511  |  154.134166  |   0.007509   |   0.006488   |
|      6       |  -7.382796   | -1607.810635 |  255.893708  |  255.891010  |   0.004592   |   0.003908   |
|      7       |  -7.382796   | 1607.810635  |  255.893708  |  255.891010  |   0.004592   |   0.003908   |
|      8       |  -7.451712   | -469.569860  |  74.743774   |  74.734364   |   0.015867   |   0.013381   |
|      9       |  -7.451712   |  469.569860  |  74.743774   |  74.734364   |   0.015867   |   0.013381   |
|      10      |  -10.494687  | -1104.299708 |  175.762694  |  175.754757  |   0.009503   |   0.005690   |
|      11      |  -10.494687  | 1104.299708  |  175.762694  |  175.754757  |   0.009503   |   0.005690   |
|      12      |  -11.481220  |  164.178386  |  26.193616   |  26.129802   |   0.069761   |   0.038270   |
|      13      |  -11.481220  | -164.178386  |  26.193616   |  26.129802   |   0.069761   |   0.038270   |
|      14      |  -15.506348  |  -42.432761  |   7.190186   |   6.753384   |   0.343233   |   0.148074   |
|      15      |  -15.506348  |  42.432761   |   7.190186   |   6.753384   |   0.343233   |   0.148074   |
|      16      | -274.918013  |  -0.000000   |  43.754561   |   0.000000   |   1.000000   |     inf      |
|      17      | -407.970595  |   0.000000   |  64.930537   |   0.000000   |   1.000000   |     inf      |
|      18      | -432.369605  | -732.611862  |  135.390596  |  116.598799  |   0.508261   |   0.008576   |
|      19      | -432.369605  |  732.611862  |  135.390596  |  116.598799  |   0.508261   |   0.008576   |
|      20      | -471.315698  | -398.381062  |  98.218841   |  63.404315   |   0.763725   |   0.015772   |
|      21      | -471.315698  |  398.381062  |  98.218841   |  63.404315   |   0.763725   |   0.015772   |
|      22      | -477.900080  |  447.013040  |  104.147320  |  71.144335   |   0.730313   |   0.014056   |
|      23      | -477.900080  | -447.013040  |  104.147320  |  71.144335   |   0.730313   |   0.014056   |
|      24      | -517.699664  |   0.000000   |  82.394461   |   0.000000   |   1.000000   |     inf      |
|      25      | -573.639435  |  -0.000000   |  91.297552   |   0.000000   |   1.000000   |     inf      |
|      26      | -666.122090  |  141.592561  |  108.385228  |  22.535156   |   0.978146   |   0.044375   |
|      27      | -666.122090  | -141.592561  |  108.385228  |  22.535156   |   0.978146   |   0.044375   |
|      28      | -882.995859  | -162.480736  |  142.892573  |  25.859612   |   0.983488   |   0.038670   |
|      29      | -882.995859  |  162.480736  |  142.892573  |  25.859612   |   0.983488   |   0.038670   |
|      30      | -1118.134968 |   0.000000   |  177.956707  |   0.000000   |   1.000000   |     inf      |
|      31      | -1381.192578 |  -0.000000   |  219.823626  |   0.000000   |   1.000000   |     inf      |
|      32      | -1814.617658 |  -0.000000   |  288.805370  |   0.000000   |   1.000000   |     inf      |
|      33      | -1865.712839 |   0.000000   |  296.937421  |   0.000000   |   1.000000   |     inf      |
|      34      | -2060.832836 |  -0.000000   |  327.991733  |   0.000000   |   1.000000   |     inf      |
|      35      | -2539.144809 |   0.000000   |  404.117448  |   0.000000   |   1.000000   |     inf      |
|      36      | -3063.890721 |  321.322030  |  490.307644  |  51.139989   |   0.994546   |   0.019554   |
|      37      | -3063.890721 | -321.322030  |  490.307644  |  51.139989   |   0.994546   |   0.019554   |
|      38      | -3294.800887 |   0.000000   |  524.383848  |   0.000000   |   1.000000   |     inf      |
|      39      | -3654.036739 |   0.000000   |  581.558009  |   0.000000   |   1.000000   |     inf      |
|      40      | -5422.219203 | 5870.690307  | 1271.900604  |  934.349382  |   0.678491   |   0.001070   |
|      41      | -5422.219203 | -5870.690307 | 1271.900604  |  934.349382  |   0.678491   |   0.001070   |
|      42      | -5579.859623 | -5862.739039 | 1288.138232  |  933.083898  |   0.689415   |   0.001072   |
|      43      | -5579.859623 | 5862.739039  | 1288.138232  |  933.083898  |   0.689415   |   0.001072   |
|      44      | -5852.340960 | -5878.376029 | 1320.172740  |  935.572602  |   0.705536   |   0.001069   |
|      45      | -5852.340960 | 5878.376029  | 1320.172740  |  935.572602  |   0.705536   |   0.001069   |
|      46      | -5998.103846 |   0.000000   |  954.627876  |   0.000000   |   1.000000   |     inf      |
|      47      | -6038.457961 | -1687.387631 |  997.867879  |  268.556082  |   0.963104   |   0.003724   |
|      48      | -6038.457961 | 1687.387631  |  997.867879  |  268.556082  |   0.963104   |   0.003724   |
|      49      | -6155.860144 | 8151.804841  | 1625.770169  | 1297.400036  |   0.602629   |   0.000771   |
|      50      | -6155.860144 | -8151.804841 | 1625.770169  | 1297.400036  |   0.602629   |   0.000771   |
|      51      | -6227.614621 | 5907.491726  | 1366.154385  |  940.206510  |   0.725508   |   0.001064   |
|      52      | -6227.614621 | -5907.491726 | 1366.154385  |  940.206510  |   0.725508   |   0.001064   |
|      53      | -6250.554667 |   0.000000   |  994.806672  |   0.000000   |   1.000000   |     inf      |
|      54      | -6519.442117 |   0.000000   | 1037.601439  |   0.000000   |   1.000000   |     inf      |
|      55      | -6545.490782 | 3905.878171  | 1213.125434  |  621.639818  |   0.858730   |   0.001609   |
|      56      | -6545.490782 | -3905.878171 | 1213.125434  |  621.639818  |   0.858730   |   0.001609   |
|      57      | -6798.607370 |   0.000000   | 1082.031969  |   0.000000   |   1.000000   |     inf      |
|      58      | -7435.890350 | 5998.872315  | 1520.566479  |  954.750182  |   0.778301   |   0.001047   |
|      59      | -7435.890350 | -5998.872315 | 1520.566479  |  954.750182  |   0.778301   |   0.001047   |
|      60      | -7829.439413 |   0.000000   | 1246.093984  |   0.000000   |   1.000000   |     inf      |
|      61      | -8037.285444 | 3318.939849  | 1383.946439  |  528.225683  |   0.924294   |   0.001893   |
|      62      | -8037.285444 | -3318.939849 | 1383.946439  |  528.225683  |   0.924294   |   0.001893   |
|      63      | -8334.017244 | -9173.450548 | 1972.545834  | 1460.000000  |   0.672431   |   0.000685   |
|==============|==============|==============|==============|==============|==============|==============|