|==============|==============|==============|==============|==============|==============|==============|
|     mode     |  eval_real   |  eval_imag   | freq_n (Hz)  | freq_d (Hz)  |   damping    |  period (s)  |
|==============|==============|==============|==============|==============|==============|==============|
|      0       |  12.058238   |  -48.820861  |   8.003575   |   7.770081   |  -0.239784   |   0.128699   |
|      1       |  12.058238   |  48.820861   |   8.003575   |   7.770081   |  -0.239784   |   0.128699   |
|      2       |  -0.431735   | -235.181009  |  37.430283   |  37.430220   |   0.001836   |   0.026716   |
|      3       |  -0.431735   |  235.181009  |  37.430283   |  37.430220   |   0.001836   |   0.026716   |
|      4       |  -7.824508   |  129.162995  |  20.594614   |  20.556929   |   0.060468   |   0.048645   |
|      5       |  -7.824508   | -129.162995  |  20.594614   |  20.556929   |   0.060468   |   0.048645   |
|      6       |  -9.633030   | 1597.528978  |  254.259256  |  254.254634  |   0.006030   |   0.003933   |
|      7       |  -9.633030   | -1597.528978 |  254.259256  |  254.254634  |   0.006030   |   0.003933   |
|      8       |  -9.962176   | -927.796158  |  147.671857  |  147.663345  |   0.010737   |   0.006772   |
|      9       |  -9.962176   |  927.796158  |  147.671857  |  147.663345  |   0.010737   |   0.006772   |
|      10      |  -10.524262  | -832.538779  |  132.513249  |  132.502662  |   0.012640   |   0.007547   |
|      11      |  -10.524262  |  832.538779  |  132.513249  |  132.502662  |   0.012640   |   0.007547   |
|      12      |  -10.751004  | -418.445191  |  66.619598   |  66.597621   |   0.025684   |   0.015016   |
|      13      |  -10.751004  |  418.445191  |  66.619598   |  66.597621   |   0.025684   |   0.015016   |
|      14      |  -22.944116  |   0.000000   |   3.651669   |   0.000000   |   1.000000   |     inf      |
|      15      |  -94.610116  |   0.000000   |  15.057668   |   0.000000   |   1.000000   |     inf      |
|      16      | -337.202410  |  36.139746   |  53.974777   |   5.751819   |   0.994306   |   0.173858   |
|      17      | -337.202410  |  -36.139746  |  53.974777   |   5.751819   |   0.994306   |   0.173858   |
|      18      | -366.890679  |   0.000000   |  58.392465   |   0.000000   |   1.000000   |     inf      |
|      19      | -400.695176  |  136.042051  |  67.347945   |  21.651765   |   0.946913   |   0.046186   |
|      20      | -400.695176  | -136.042051  |  67.347945   |  21.651765   |   0.946913   |   0.046186   |
|      21      | -411.552893  |  322.118188  |  83.178203   |  51.266702   |   0.787474   |   0.019506   |
|      22      | -411.552893  | -322.118188  |  83.178203   |  51.266702   |   0.787474   |   0.019506   |
|      23      | -466.379657  |  340.923518  |  91.944023   |  54.259663   |   0.807302   |   0.018430   |
|      24      | -466.379657  | -340.923518  |  91.944023   |  54.259663   |   0.807302   |   0.018430   |
|      25      | -541.316967  |  -0.000000   |  86.153271   |   0.000000   |   1.000000   |     inf      |
|      26      | -616.061708  |  69.731867   |  98.675367   |  11.098171   |   0.993655   |   0.090105   |
|      27      | -616.061708  |  -69.731867  |  98.675367   |  11.098171   |   0.993655   |   0.090105   |
|      28      | -645.054680  |   0.000000   |  102.663641  |   0.000000   |   1.000000   |     inf      |
|      29      | -885.828469  |   0.000000   |  140.983980  |   0.000000   |   1.000000   |     inf      |
|      30      | -1069.403718 |  -0.000000   |  170.200888  |   0.000000   |   1.000000   |     inf      |
|      31      | -1269.437610 | -148.339649  |  203.412003  |  23.608988   |   0.993242   |   0.042357   |
|      32      | -1269.437610 |  148.339649  |  203.412003  |  23.608988   |   0.993242   |   0.042357   |
|      33      | -1617.334048 |  -0.000000   |  257.406708  |   0.000000   |   1.000000   |     inf      |
|      34      | -2275.406075 | -234.930997  |  364.067250  |  37.390429   |   0.994712   |   0.026745   |
|      35      | -2275.406075 |  234.930997  |  364.067250  |  37.390429   |   0.994712   |   0.026745   |
|      36      | -2862.291325 |  -0.000000   |  455.547813  |   0.000000   |   1.000000   |     inf      |
|      37      | -3371.009072 |   0.000000   |  536.512757  |   0.000000   |   1.000000   |     inf      |
|      38      | -4400.002252 |  592.580045  |  706.604410  |  94.312043   |   0.991053   |   0.010603   |
|      39      | -4400.002252 | -592.580045  |  706.604410  |  94.312043   |   0.991053   |   0.010603   |
|      40      |-10089.905783 |  -0.000000   | 1605.858381  |   0.000000   |   1.000000   |     inf      |
|      41      |-11747.507677 |  -0.000000   | 1869.673916  |   0.000000   |   1.000000   |     inf      |
|      42      |-15778.834495 |  -0.000000   | 2511.279506  |   0.000000   |   1.000000   |     inf      |
|      43      |-23158.178286 |   0.000000   | 3685.738547  |   0.000000   |   1.000000   |     inf      |
|      44      |-28798.623891 |-60318.578949 | 10638.042720 | 9600.000000  |   0.430854   |   0.000104   |
|      45      |-30243.268497 |  -0.000000   | 4813.365676  |   0.000000   |   1.000000   |     inf      |
|      46      |-30955.014102 |-60318.578949 | 10790.357559 | 9600.000000  |   0.456578   |   0.000104   |
|      47      |-33510.710334 |-49100.112158 | 9461.073617  | 7814.525556  |   0.563720   |   0.000128   |
|      48      |-33510.710334 | 49100.112158 | 9461.073617  | 7814.525556  |   0.563720   |   0.000128   |
|      49      |-34509.823275 | 46543.813608 | 9221.727041  | 7407.678006  |   0.595594   |   0.000135   |
|      50      |-34509.823275 |-46543.813608 | 9221.727041  | 7407.678006  |   0.595594   |   0.000135   |
|      51      |-35095.486313 |   0.000000   | 5585.620127  |   0.000000   |   1.000000   |     inf      |
|      52      |-35188.066945 | 42942.366770 | 8835.962117  | 6834.489940  |   0.633814   |   0.000146   |
|      53      |-35188.066945 |-42942.366770 | 8835.962117  | 6834.489940  |   0.633814   |   0.000146   |
|      54      |-36260.948714 |   0.000000   | 5771.109229  |   0.000000   |   1.000000   |     inf      |
|      55      |-38463.549411 | 41271.679072 | 8978.929096  | 6568.591734  |   0.681781   |   0.000152   |
|      56      |-38463.549411 |-41271.679072 | 8978.929096  | 6568.591734  |   0.681781   |   0.000152   |
|      57      |-39307.117340 | 50902.139361 | 10235.627046 | 8101.327093  |   0.611191   |   0.000123   |
|      58      |-39307.117340 |-50902.139361 | 10235.627046 | 8101.327093  |   0.611191   |   0.000123   |
|      59      |-41432.186412 | 8285.534824  | 6724.698757  | 1318.683823  |   0.980585   |   0.000758   |
|      60      |-41432.186412 | -8285.534824 | 6724.698757  | 1318.683823  |   0.980585   |   0.000758   |
|      61      |-43478.456372 | 60318.578949 | 11834.009791 | 9600.000000  |   0.584739   |   0.000104   |
|      62      |-54623.876864 |  -0.000000   | 8693.660014  |   0.000000   |   1.000000   |     inf      |
|      63      |-65696.398268 |-60318.578949 | 14194.575771 | 9600.000000  |   0.736613   |   0.000104   |
|==============|==============|==============|==============|==============|==============|==============|