|==============|==============|==============|==============|==============|==============|==============|
|     mode     |  eval_real   |  eval_imag   | freq_n (Hz)  | freq_d (Hz)  |   damping    |  period (s)  |
|==============|==============|==============|==============|==============|==============|==============|
|      0       |  -0.614055   | -651.288181  |  103.655780  |  103.655733  |   0.000943   |   0.009647   |
|      1       |  -0.614055   |  651.288181  |  103.655780  |  103.655733  |   0.000943   |   0.009647   |
|      2       |  -1.216805   | -227.291614  |  36.175102   |  36.174584   |   0.005353   |   0.027644   |
|      3       |  -1.216805   |  227.291614  |  36.175102   |  36.174584   |   0.005353   |   0.027644   |
|      4       |  -7.984382   | -550.430927  |  87.613019   |  87.603803   |   0.014504   |   0.011415   |
|      5       |  -7.984382   |  550.430927  |  87.613019   |  87.603803   |   0.014504   |   0.011415   |
|      6       |  -8.294129   | -1080.350785 |  171.948235  |  171.943168  |   0.007677   |   0.005816   |
|      7       |  -8.294129   | 1080.350785  |  171.948235  |  171.943168  |   0.007677   |   0.005816   |
|      8       |  -8.494189   | 1721.924918  |  274.056197  |  274.052862  |   0.004933   |   0.003649   |
|      9       |  -8.494189   | -1721.924918 |  274.056197  |  274.052862  |   0.004933   |   0.003649   |
|      10      |  -12.561498  |  -26.632695  |   4.686543   |   4.238725   |   0.426588   |   0.235920   |
|      11      |  -12.561498  |  26.632695   |   4.686543   |   4.238725   |   0.426588   |   0.235920   |
|      12      |  -14.478319  | -1032.499134 |  164.343496  |  164.327341  |   0.014021   |   0.006085   |
|      13      |  -14.478319  | 1032.499134  |  164.343496  |  164.327341  |   0.014021   |   0.006085   |
|      14      |  -15.172656  | -176.498337  |  28.194186   |  28.090583   |   0.085649   |   0.035599   |
|      15      |  -15.172656  |  176.498337  |  28.194186   |  28.090583   |   0.085649   |   0.035599   |
|      16      | -221.096016  |  -0.000000   |  35.188524   |   0.000000   |   1.000000   |     inf      |
|      17      | -361.568379  |  69.146921   |  58.588259   |  11.005074   |   0.982200   |   0.090867   |
|      18      | -361.568379  |  -69.146921  |  58.588259   |  11.005074   |   0.982200   |   0.090867   |
|      19      | -368.528585  |  590.564559  |  110.790569  |  93.991269   |   0.529406   |   0.010639   |
|      20      | -368.528585  | -590.564559  |  110.790569  |  93.991269   |   0.529406   |   0.010639   |
|      21      | -400.562476  |  390.928365  |  89.080613   |  62.218182   |   0.715661   |   0.016072   |
|      22      | -400.562476  | -390.928365  |  89.080613   |  62.218182   |   0.715661   |   0.016072   |
|      23      | -414.912905  | -319.704793  |  83.364969   |  50.882598   |   0.792125   |   0.019653   |
|      24      | -414.912905  |  319.704793  |  83.364969   |  50.882598   |   0.792125   |   0.019653   |
|      25      | -467.707552  |   0.000000   |  74.437969   |   0.000000   |   1.000000   |     inf      |
|      26      | -589.829421  |  -0.000000   |  93.874268   |   0.000000   |   1.000000   |     inf      |
|      27      | -800.846412  |  -0.000000   |  127.458665  |   0.000000   |   1.000000   |     inf      |
|      28      | -953.038500  |  -0.000000   |  151.680788  |   0.000000   |   1.000000   |     inf      |
|      29      | -1089.340345 |   0.000000   |  173.373901  |   0.000000   |   1.000000   |     inf      |
|      30      | -1266.727160 |  -0.000000   |  201.605889  |   0.000000   |   1.000000   |     inf      |
|      31      | -1437.007903 |  -0.000000   |  228.706911  |   0.000000   |   1.000000   |     inf      |
|      32      | -1632.462545 |  12.869004   |  259.822556  |   2.048166   |   0.999969   |   0.488242   |
|      33      | -1632.462545 |  -12.869004  |  259.822556  |   2.048166   |   0.999969   |   0.488242   |
|      34      | -2084.805431 |  -0.000000   |  331.807090  |   0.000000   |   1.000000   |     inf      |
|      35      | -2646.341369 |  143.397943  |  421.796201  |  22.822491   |   0.998535   |   0.043816   |
|      36      | -2646.341369 | -143.397943  |  421.796201  |  22.822491   |   0.998535   |   0.043816   |
|      37      | -3144.356781 |  -0.000000   |  500.439925  |   0.000000   |   1.000000   |     inf      |
|      38      | -3244.063067 |  171.903911  |  517.033055  |  27.359357   |   0.998599   |   0.036551   |
|      39      | -3244.063067 | -171.903911  |  517.033055  |  27.359357   |   0.998599   |   0.036551   |
|      40      | -4518.936874 | -4870.055431 | 1057.371475  |  775.093395  |   0.680188   |   0.001290   |
|      41      | -4518.936874 | 4870.055431  | 1057.371475  |  775.093395  |   0.680188   |   0.001290   |
|      42      | -4533.183455 | 4896.634914  | 1062.015376  |  779.323651  |   0.679349   |   0.001283   |
|      43      | -4533.183455 | -4896.634914 | 1062.015376  |  779.323651  |   0.679349   |   0.001283   |
|      44      | -4693.278256 | 4894.677642  | 1079.262164  |  779.012142  |   0.692101   |   0.001284   |
|      45      | -4693.278256 | -4894.677642 | 1079.262164  |  779.012142  |   0.692101   |   0.001284   |
|      46      | -4938.187659 |   0.000000   |  785.936976  |   0.000000   |   1.000000   |     inf      |
|      47      | -4950.108726 | -4866.824969 | 1104.832954  |  774.579251  |   0.713080   |   0.001291   |
|      48      | -4950.108726 | 4866.824969  | 1104.832954  |  774.579251  |   0.713080   |   0.001291   |
|      49      | -5136.232035 |   0.000000   |  817.456717  |   0.000000   |   1.000000   |     inf      |
|      50      | -5307.002446 |   0.000000   |  844.635672  |   0.000000   |   1.000000   |     inf      |
|      51      | -5373.963075 | 4981.349805  | 1166.219452  |  792.806445  |   0.733389   |   0.001261   |
|      52      | -5373.963075 | -4981.349805 | 1166.219452  |  792.806445  |   0.733389   |   0.001261   |
|      53      | -5639.021204 |   0.000000   |  897.478099  |   0.000000   |   1.000000   |     inf      |
|      54      | -5962.676162 |   0.000000   |  948.989385  |   0.000000   |   1.000000   |     inf      |
|      55      | -5977.078108 | -2592.614507 | 1036.917511  |  412.627414  |   0.917413   |   0.002423   |
|      56      | -5977.078108 | 2592.614507  | 1036.917511  |  412.627414  |   0.917413   |   0.002423   |
|      57      | -6042.536617 | -7665.486075 | 1553.469042  | 1220.000000  |   0.619066   |   0.000820   |
|      58      | -6434.646903 | -4140.329329 | 1217.790224  |  658.953879  |   0.840954   |   0.001518   |
|      59      | -6434.646903 | 4140.329329  | 1217.790224  |  658.953879  |   0.840954   |   0.001518   |
|      60      | -6657.002468 | -5812.978063 | 1406.576738  |  925.164193  |   0.753244   |   0.001081   |
|      61      | -6657.002468 | 5812.978063  | 1406.576738  |  925.164193  |   0.753244   |   0.001081   |
|      62      | -6961.196736 |  979.157710  | 1118.815213  |  155.837790  |   0.990252   |   0.006417   |
|      63      | -6961.196736 | -979.157710  | 1118.815213  |  155.837790  |   0.990252   |   0.006417   |
|==============|==============|==============|==============|==============|==============|==============||==============|==============|==============|==============|==============|==============|==============|
|     mode     |  eval_real   |  eval_imag   | freq_n (Hz)  | freq_d (Hz)  |   damping    |  period (s)  |
|==============|==============|==============|==============|==============|==============|==============|
|      0       |  -0.004717   | -680.269535  |  108.268259  |  108.268259  |   0.000007   |   0.009236   |
|      1       |  -0.004717   |  680.269535  |  108.268259  |  108.268259  |   0.000007   |   0.009236   |
|      2       |  -1.250685   | -228.019522  |  36.290980   |  36.290434   |   0.005485   |   0.027555   |
|      3       |  -1.250685   |  228.019522  |  36.290980   |  36.290434   |   0.005485   |   0.027555   |
|      4       |  -7.499298   | -1077.770833 |  171.536708  |  171.532556  |   0.006958   |   0.005830   |
|      5       |  -7.499298   | 1077.770833  |  171.536708  |  171.532556  |   0.006958   |   0.005830   |
|      6       |  -7.966028   | -550.787915  |  87.669787   |  87.660619   |   0.014461   |   0.011408   |
|      7       |  -7.966028   |  550.787915  |  87.669787   |  87.660619   |   0.014461   |   0.011408   |
|      8       |  -8.546676   | -1721.736553 |  274.026259  |  274.022883  |   0.004964   |   0.003649   |
|      9       |  -8.546676   | 1721.736553  |  274.026259  |  274.022883  |   0.004964   |   0.003649   |
|      10      |  -12.563053  |  26.613134   |   4.683833   |   4.235612   |   0.426888   |   0.236093   |
|      11      |  -12.563053  |  -26.613134  |   4.683833   |   4.235612   |   0.426888   |   0.236093   |
|      12      |  -15.200827  |  176.751022  |  28.234638   |  28.130799   |   0.085685   |   0.035548   |
|      13      |  -15.200827  | -176.751022  |  28.234638   |  28.130799   |   0.085685   |   0.035548   |
|      14      |  -15.875375  |  997.981167  |  158.853731  |  158.833636  |   0.015905   |   0.006296   |
|      15      |  -15.875375  | -997.981167  |  158.853731  |  158.833636  |   0.015905   |   0.006296   |
|      16      | -220.921032  |   0.000000   |  35.160674   |   0.000000   |   1.000000   |     inf      |
|      17      | -362.760584  | -581.926420  |  109.138244  |  92.616466   |   0.529009   |   0.010797   |
|      18      | -362.760584  |  581.926420  |  109.138244  |  92.616466   |   0.529009   |   0.010797   |
|      19      | -403.693077  | -391.499775  |  89.501158   |  62.309124   |   0.717865   |   0.016049   |
|      20      | -403.693077  |  391.499775  |  89.501158   |  62.309124   |   0.717865   |   0.016049   |
|      21      | -418.909886  |  345.103662  |  86.382000   |  54.924954   |   0.771823   |   0.018207   |
|      22      | -418.909886  | -345.103662  |  86.382000   |  54.924954   |   0.771823   |   0.018207   |
|      23      | -473.119242  |  -0.000000   |  75.299266   |   0.000000   |   1.000000   |     inf      |
|      24      | -585.125253  |  182.594893  |  97.554640   |  29.060880   |   0.954599   |   0.034411   |
|      25      | -585.125253  | -182.594893  |  97.554640   |  29.060880   |   0.954599   |   0.034411   |
|      26      | -625.189542  |   0.000000   |  99.502006   |   0.000000   |   1.000000   |     inf      |
|      27      | -841.905463  |   0.000000   |  133.993416  |   0.000000   |   1.000000   |     inf      |
|      28      | -991.644330  |  -0.000000   |  157.825097  |   0.000000   |   1.000000   |     inf      |
|      29      | -1161.570534 |   0.000000   |  184.869692  |   0.000000   |   1.000000   |     inf      |
|      30      | -1261.809247 |   0.000000   |  200.823179  |   0.000000   |   1.000000   |     inf      |
|      31      | -1552.622564 |  -0.000000   |  247.107556  |   0.000000   |   1.000000   |     inf      |
|      32      | -1634.744209 |   0.000000   |  260.177622  |   0.000000   |   1.000000   |     inf      |
|      33      | -1817.028949 |   0.000000   |  289.189139  |   0.000000   |   1.000000   |     inf      |
|      34      | -2421.773165 | -410.695650  |  390.940272  |  65.364243   |   0.985923   |   0.015299   |
|      35      | -2421.773165 |  410.695650  |  390.940272  |  65.364243   |   0.985923   |   0.015299   |
|      36      | -2787.542886 |  -0.000000   |  443.651229  |   0.000000   |   1.000000   |     inf      |
|      37      | -3159.966349 |  -27.924274  |  502.943901  |   4.444286   |   0.999961   |   0.225008   |
|      38      | -3159.966349 |  27.924274   |  502.943901  |   4.444286   |   0.999961   |   0.225008   |
|      39      | -3953.069362 |   0.000000   |  629.150529  |   0.000000   |   1.000000   |     inf      |
|      40      | -4533.759689 | -4865.353591 | 1058.429942  |  774.345074  |   0.681736   |   0.001291   |
|      41      | -4533.759689 | 4865.353591  | 1058.429942  |  774.345074  |   0.681736   |   0.001291   |
|      42      | -4540.301000 | 4896.842691  | 1062.809511  |  779.356720  |   0.679907   |   0.001283   |
|      43      | -4540.301000 | -4896.842691 | 1062.809511  |  779.356720  |   0.679907   |   0.001283   |
|      44      | -4710.524902 | -4885.858512 | 1080.152815  |  777.608533  |   0.694072   |   0.001286   |
|      45      | -4710.524902 | 4885.858512  | 1080.152815  |  777.608533  |   0.694072   |   0.001286   |
|      46      | -4912.485025 | -4862.564114 | 1100.093874  |  773.901115  |   0.710709   |   0.001292   |
|      47      | -4912.485025 | 4862.564114  | 1100.093874  |  773.901115  |   0.710709   |   0.001292   |
|      48      | -4933.493390 |   0.000000   |  785.189860  |   0.000000   |   1.000000   |     inf      |
|      49      | -5160.130510 |   0.000000   |  821.260278  |   0.000000   |   1.000000   |     inf      |
|      50      | -5277.179873 | -4987.059264 | 1155.594083  |  793.715133  |   0.726803   |   0.001260   |
|      51      | -5277.179873 | 4987.059264  | 1155.594083  |  793.715133  |   0.726803   |   0.001260   |
|      52      | -5362.446059 |   0.000000   |  853.459797  |   0.000000   |   1.000000   |     inf      |
|      53      | -5621.411000 | 7665.486075  | 1512.892586  | 1220.000000  |   0.591367   |   0.000820   |
|      54      | -5640.765708 | 2324.754911  |  971.011119  |  369.996235  |   0.924558   |   0.002703   |
|      55      | -5640.765708 | -2324.754911 |  971.011119  |  369.996235  |   0.924558   |   0.002703   |
|      56      | -5651.702891 |   0.000000   |  899.496452  |   0.000000   |   1.000000   |     inf      |
|      57      | -5926.235441 |   0.000000   |  943.189664  |   0.000000   |   1.000000   |     inf      |
|      58      | -6297.912742 | -4866.167728 | 1266.690318  |  774.474648  |   0.791309   |   0.001291   |
|      59      | -6297.912742 | 4866.167728  | 1266.690318  |  774.474648  |   0.791309   |   0.001291   |
|      60      | -6899.207504 |   0.000000   | 1098.042978  |   0.000000   |   1.000000   |     inf      |
|      61      | -7809.576039 | -4289.456123 | 1418.077793  |  682.688145  |   0.876491   |   0.001465   |
|      62      | -7809.576039 | 4289.456123  | 1418.077793  |  682.688145  |   0.876491   |   0.001465   |
|      63      |-12446.729390 |   0.000000   | 1980.958508  |   0.000000   |   1.000000   |     inf      |
|==============|==============|==============|==============|==============|==============|==============|