|==============|==============|==============|==============|==============|==============|==============|
|     mode     |  eval_real   |  eval_imag   | freq_n (Hz)  | freq_d (Hz)  |   damping    |  period (s)  |
|==============|==============|==============|==============|==============|==============|==============|
|      0       |  17.450187   |  -48.291914  |   8.172289   |   7.685897   |  -0.339842   |   0.130108   |
|      1       |  17.450187   |  48.291914   |   8.172289   |   7.685897   |  -0.339842   |   0.130108   |
|      2       |   3.022412   |  217.088579  |  34.554069   |  34.550720   |  -0.013921   |   0.028943   |
|      3       |   3.022412   | -217.088579  |  34.554069   |  34.550720   |  -0.013921   |   0.028943   |
|      4       |  -2.639654   |  126.702024  |  20.169629   |  20.165253   |   0.020829   |   0.049590   |
|      5       |  -2.639654   | -126.702024  |  20.169629   |  20.165253   |   0.020829   |   0.049590   |
|      6       |  -9.864929   | -845.918031  |  134.641191  |  134.632036  |   0.011661   |   0.007428   |
|      7       |  -9.864929   |  845.918031  |  134.641191  |  134.632036  |   0.011661   |   0.007428   |
|      8       |  -10.327128  | -1666.440435 |  265.227325  |  265.222233  |   0.006197   |   0.003770   |
|      9       |  -10.327128  | 1666.440435  |  265.227325  |  265.222233  |   0.006197   |   0.003770   |
|      10      |  -12.131896  |  971.630196  |  154.651802  |  154.639748  |   0.012485   |   0.006467   |
|      11      |  -12.131896  | -971.630196  |  154.651802  |  154.639748  |   0.012485   |   0.006467   |
|      12      |  -12.739488  |  441.394239  |  70.279328   |  70.250075   |   0.028850   |   0.014235   |
|      13      |  -12.739488  | -441.394239  |  70.279328   |  70.250075   |   0.028850   |   0.014235   |
|      14      |  -20.169034  |   0.000000   |   3.210001   |   0.000000   |   1.000000   |     inf      |
|      15      | -124.063555  |   0.000000   |  19.745328   |   0.000000   |   1.000000   |     inf      |
|      16      | -392.720498  |  -0.000000   |  62.503408   |   0.000000   |   1.000000   |     inf      |
|      17      | -415.345419  | -204.830145  |  73.705616   |  32.599730   |   0.896869   |   0.030675   |
|      18      | -415.345419  |  204.830145  |  73.705616   |  32.599730   |   0.896869   |   0.030675   |
|      19      | -426.495081  | -116.400312  |  70.361442   |  18.525685   |   0.964716   |   0.053979   |
|      20      | -426.495081  |  116.400312  |  70.361442   |  18.525685   |   0.964716   |   0.053979   |
|      21      | -427.000649  |  310.920745  |  84.066548   |  49.484574   |   0.808398   |   0.020208   |
|      22      | -427.000649  | -310.920745  |  84.066548   |  49.484574   |   0.808398   |   0.020208   |
|      23      | -471.714563  | -387.287081  |  97.137454   |  61.638653   |   0.772881   |   0.016224   |
|      24      | -471.714563  |  387.287081  |  97.137454   |  61.638653   |   0.772881   |   0.016224   |
|      25      | -598.848055  |  -0.000000   |  95.309628   |   0.000000   |   1.000000   |     inf      |
|      26      | -648.677077  |  169.483301  |  106.705828  |  26.974105   |   0.967521   |   0.037073   |
|      27      | -648.677077  | -169.483301  |  106.705828  |  26.974105   |   0.967521   |   0.037073   |
|      28      | -689.036158  |  -0.000000   |  109.663511  |   0.000000   |   1.000000   |     inf      |
|      29      | -821.138448  |  -0.000000   |  130.688243  |   0.000000   |   1.000000   |     inf      |
|      30      | -1086.606589 |   0.000000   |  172.938810  |   0.000000   |   1.000000   |     inf      |
|      31      | -1210.772875 |  -0.000000   |  192.700488  |   0.000000   |   1.000000   |     inf      |
|      32      | -1669.783430 | -122.985165  |  266.474146  |  19.573697   |   0.997299   |   0.051089   |
|      33      | -1669.783430 |  122.985165  |  266.474146  |  19.573697   |   0.997299   |   0.051089   |
|      34      | -2206.949432 |  -0.000000   |  351.246911  |   0.000000   |   1.000000   |     inf      |
|      35      | -2355.197592 |   0.000000   |  374.841339  |   0.000000   |   1.000000   |     inf      |
|      36      | -3178.794409 |   0.000000   |  505.920843  |   0.000000   |   1.000000   |     inf      |
|      37      | -3565.339851 |   0.000000   |  567.441461  |   0.000000   |   1.000000   |     inf      |
|      38      | -4883.748504 | -818.700991  |  788.118674  |  130.300310  |   0.986238   |   0.007675   |
|      39      | -4883.748504 |  818.700991  |  788.118674  |  130.300310  |   0.986238   |   0.007675   |
|      40      | -9855.429462 |  -0.000000   | 1568.540315  |   0.000000   |   1.000000   |     inf      |
|      41      |-11753.689712 |  -0.000000   | 1870.657817  |   0.000000   |   1.000000   |     inf      |
|      42      |-15792.781152 |  -0.000000   | 2513.499186  |   0.000000   |   1.000000   |     inf      |
|      43      |-24070.326852 |  -0.000000   | 3830.911500  |   0.000000   |   1.000000   |     inf      |
|      44      |-29059.140613 |  -0.000000   | 4624.905871  |   0.000000   |   1.000000   |     inf      |
|      45      |-30078.083846 | 64339.817546 | 11303.702667 | 10240.000000 |   0.423496   |   0.000098   |
|      46      |-34010.319773 |-64339.817546 | 11582.624926 | 10240.000000 |   0.467330   |   0.000098   |
|      47      |-35414.937411 |-51254.899635 | 9915.343411  | 8157.470635  |   0.568459   |   0.000123   |
|      48      |-35414.937411 | 51254.899635 | 9915.343411  | 8157.470635  |   0.568459   |   0.000123   |
|      49      |-36142.702149 |-49019.288461 | 9693.026762  | 7801.662065  |   0.593446   |   0.000128   |
|      50      |-36142.702149 | 49019.288461 | 9693.026762  | 7801.662065  |   0.593446   |   0.000128   |
|      51      |-37324.921672 |   0.000000   | 5940.445785  |   0.000000   |   1.000000   |     inf      |
|      52      |-37328.258206 |-47200.775138 | 9577.520839  | 7512.236681  |   0.620304   |   0.000133   |
|      53      |-37328.258206 | 47200.775138 | 9577.520839  | 7512.236681  |   0.620304   |   0.000133   |
|      54      |-39345.982970 |  -0.000000   | 6262.107680  |   0.000000   |   1.000000   |     inf      |
|      55      |-40095.978379 | 55006.849274 | 10833.578833 | 8754.611966  |   0.589046   |   0.000114   |
|      56      |-40095.978379 |-55006.849274 | 10833.578833 | 8754.611966  |   0.589046   |   0.000114   |
|      57      |-41154.047676 | 43818.730408 | 9567.498202  | 6973.967544  |   0.684596   |   0.000143   |
|      58      |-41154.047676 |-43818.730408 | 9567.498202  | 6973.967544  |   0.684596   |   0.000143   |
|      59      |-43062.545117 |-12112.935980 | 7119.593203  | 1927.833637  |   0.962642   |   0.000519   |
|      60      |-43062.545117 | 12112.935980 | 7119.593203  | 1927.833637  |   0.962642   |   0.000519   |
|      61      |-54722.635300 |-55607.571707 | 12416.910082 | 8850.219910  |   0.701413   |   0.000113   |
|      62      |-54722.635300 | 55607.571707 | 12416.910082 | 8850.219910  |   0.701413   |   0.000113   |
|      63      |-59786.206341 |   0.000000   | 9515.270268  |   0.000000   |   1.000000   |     inf      |
|==============|==============|==============|==============|==============|==============|==============|