|==============|==============|==============|==============|==============|==============|==============|
|     mode     |  eval_real   |  eval_imag   | freq_n (Hz)  | freq_d (Hz)  |   damping    |  period (s)  |
|==============|==============|==============|==============|==============|==============|==============|
|      0       |  -0.335861   | -217.008671  |  34.538044   |  34.538003   |   0.001548   |   0.028954   |
|      1       |  -0.335861   |  217.008671  |  34.538044   |  34.538003   |   0.001548   |   0.028954   |
|      2       |  -0.776254   | -652.489494  |  103.847002  |  103.846928  |   0.001190   |   0.009630   |
|      3       |  -0.776254   |  652.489494  |  103.847002  |  103.846928  |   0.001190   |   0.009630   |
|      4       |  -8.867789   | -1748.335491 |  278.259815  |  278.256236  |   0.005072   |   0.003594   |
|      5       |  -8.867789   | 1748.335491  |  278.259815  |  278.256236  |   0.005072   |   0.003594   |
|      6       |  -9.415575   | 1085.515810  |  172.771706  |  172.765207  |   0.008673   |   0.005788   |
|      7       |  -9.415575   | -1085.515810 |  172.771706  |  172.765207  |   0.008673   |   0.005788   |
|      8       |  -10.476131  | -551.485417  |  87.787465   |  87.771630   |   0.018993   |   0.011393   |
|      9       |  -10.476131  |  551.485417  |  87.787465   |  87.771630   |   0.018993   |   0.011393   |
|      10      |  -16.012499  | -149.512301  |  23.931701   |  23.795622   |   0.106489   |   0.042025   |
|      11      |  -16.012499  |  149.512301  |  23.931701   |  23.795622   |   0.106489   |   0.042025   |
|      12      |  -18.184224  | 1024.347460  |  163.055648  |  163.029962  |   0.017749   |   0.006134   |
|      13      |  -18.184224  | -1024.347460 |  163.055648  |  163.029962  |   0.017749   |   0.006134   |
|      14      |  -25.707291  |  17.243004   |   4.926574   |   2.744309   |   0.830484   |   0.364390   |
|      15      |  -25.707291  |  -17.243004  |   4.926574   |   2.744309   |   0.830484   |   0.364390   |
|      16      | -265.986318  |  -0.000000   |  42.333037   |   0.000000   |   1.000000   |     inf      |
|      17      | -458.130570  |  84.911727   |  74.155550   |  13.514121   |   0.983254   |   0.073997   |
|      18      | -458.130570  |  -84.911727  |  74.155550   |  13.514121   |   0.983254   |   0.073997   |
|      19      | -466.466731  |  744.192853  |  139.786088  |  118.441971  |   0.531101   |   0.008443   |
|      20      | -466.466731  | -744.192853  |  139.786088  |  118.441971  |   0.531101   |   0.008443   |
|      21      | -505.309288  |  495.442183  |  112.629584  |  78.852072   |   0.714044   |   0.012682   |
|      22      | -505.309288  | -495.442183  |  112.629584  |  78.852072   |   0.714044   |   0.012682   |
|      23      | -523.263488  |  403.477433  |  105.162611  |  64.215428   |   0.791916   |   0.015573   |
|      24      | -523.263488  | -403.477433  |  105.162611  |  64.215428   |   0.791916   |   0.015573   |
|      25      | -590.552007  |   0.000000   |  93.989271   |   0.000000   |   1.000000   |     inf      |
|      26      | -740.688555  |  -0.000000   |  117.884245  |   0.000000   |   1.000000   |     inf      |
|      27      | -1009.393927 |  -0.000000   |  160.650033  |   0.000000   |   1.000000   |     inf      |
|      28      | -1202.912849 |   0.000000   |  191.449526  |   0.000000   |   1.000000   |     inf      |
|      29      | -1360.748397 |  -0.000000   |  216.569834  |   0.000000   |   1.000000   |     inf      |
|      30      | -1599.955757 |   0.000000   |  254.640868  |   0.000000   |   1.000000   |     inf      |
|      31      | -1806.184527 |   0.000000   |  287.463196  |   0.000000   |   1.000000   |     inf      |
|      32      | -2042.884879 |   0.000000   |  325.135227  |   0.000000   |   1.000000   |     inf      |
|      33      | -2072.748344 |   0.000000   |  329.888145  |   0.000000   |   1.000000   |     inf      |
|      34      | -2616.257096 |  -0.000000   |  416.390249  |   0.000000   |   1.000000   |     inf      |
|      35      | -3351.282489 |  181.243606  |  534.152622  |  28.845816   |   0.998541   |   0.034667   |
|      36      | -3351.282489 | -181.243606  |  534.152622  |  28.845816   |   0.998541   |   0.034667   |
|      37      | -3960.183426 |   0.000000   |  630.282768  |   0.000000   |   1.000000   |     inf      |
|      38      | -4072.268151 |  250.566907  |  649.347324  |  39.878962   |   0.998112   |   0.025076   |
|      39      | -4072.268151 | -250.566907  |  649.347324  |  39.878962   |   0.998112   |   0.025076   |
|      40      | -5704.438473 | 6143.929744  | 1334.326900  |  977.836789  |   0.680410   |   0.001023   |
|      41      | -5704.438473 | -6143.929744 | 1334.326900  |  977.836789  |   0.680410   |   0.001023   |
|      42      | -5720.453885 | -6182.658849 | 1340.580358  |  984.000717  |   0.679138   |   0.001016   |
|      43      | -5720.453885 | 6182.658849  | 1340.580358  |  984.000717  |   0.679138   |   0.001016   |
|      44      | -5910.558768 | 6184.994256  | 1361.578295  |  984.372409  |   0.690885   |   0.001016   |
|      45      | -5910.558768 | -6184.994256 | 1361.578295  |  984.372409  |   0.690885   |   0.001016   |
|      46      | -6211.807288 | 6162.121802  | 1392.567508  |  980.732145  |   0.709940   |   0.001020   |
|      47      | -6211.807288 | -6162.121802 | 1392.567508  |  980.732145  |   0.709940   |   0.001020   |
|      48      | -6229.411868 |   0.000000   |  991.441691  |   0.000000   |   1.000000   |     inf      |
|      49      | -6478.305474 |   0.000000   | 1031.054339  |   0.000000   |   1.000000   |     inf      |
|      50      | -6680.858750 |   0.000000   | 1063.291694  |   0.000000   |   1.000000   |     inf      |
|      51      | -6745.767120 | 6297.624917  | 1468.763474  | 1002.298135  |   0.730970   |   0.000998   |
|      52      | -6745.767120 | -6297.624917 | 1468.763474  | 1002.298135  |   0.730970   |   0.000998   |
|      53      | -7060.445209 |   0.000000   | 1123.704755  |   0.000000   |   1.000000   |     inf      |
|      54      | -7490.184016 |   0.000000   | 1192.099811  |   0.000000   |   1.000000   |     inf      |
|      55      | -7517.210751 | 3290.669322  | 1306.011169  |  523.726289  |   0.916073   |   0.001909   |
|      56      | -7517.210751 | -3290.669322 | 1306.011169  |  523.726289  |   0.916073   |   0.001909   |
|      57      | -7607.678123 | -9676.105373 | 1958.988418  | 1540.000000  |   0.618074   |   0.000649   |
|      58      | -8171.526107 | 5209.911886  | 1542.383197  |  829.183230  |   0.843201   |   0.001206   |
|      59      | -8171.526107 | -5209.911886 | 1542.383197  |  829.183230  |   0.843201   |   0.001206   |
|      60      | -8438.575844 | 7327.060873  | 1778.661580  | 1166.137956  |   0.755085   |   0.000858   |
|      61      | -8438.575844 | -7327.060873 | 1778.661580  | 1166.137956  |   0.755085   |   0.000858   |
|      62      | -8868.479043 | -1213.738033 | 1424.619718  |  193.172408  |   0.990764   |   0.005177   |
|      63      | -8868.479043 | 1213.738033  | 1424.619718  |  193.172408  |   0.990764   |   0.005177   |
|==============|==============|==============|==============|==============|==============|==============||==============|==============|==============|==============|==============|==============|==============|
|     mode     |  eval_real   |  eval_imag   | freq_n (Hz)  | freq_d (Hz)  |   damping    |  period (s)  |
|==============|==============|==============|==============|==============|==============|==============|
|      0       |  -0.003768   |  681.911224  |  108.529542  |  108.529542  |   0.000006   |   0.009214   |
|      1       |  -0.003768   | -681.911224  |  108.529542  |  108.529542  |   0.000006   |   0.009214   |
|      2       |  -0.336469   | -217.481072  |  34.613229   |  34.613188   |   0.001547   |   0.028891   |
|      3       |  -0.336469   |  217.481072  |  34.613229   |  34.613188   |   0.001547   |   0.028891   |
|      4       |  -8.845747   | -1083.920453 |  172.517043  |  172.511298  |   0.008161   |   0.005797   |
|      5       |  -8.845747   | 1083.920453  |  172.517043  |  172.511298  |   0.008161   |   0.005797   |
|      6       |  -8.954228   | 1748.112227  |  278.224352  |  278.220702  |   0.005122   |   0.003594   |
|      7       |  -8.954228   | -1748.112227 |  278.224352  |  278.220702  |   0.005122   |   0.003594   |
|      8       |  -10.429868  | -551.924582  |  87.857209   |  87.841526   |   0.018894   |   0.011384   |
|      9       |  -10.429868  |  551.924582  |  87.857209   |  87.841526   |   0.018894   |   0.011384   |
|      10      |  -16.302152  | -149.871048  |  23.993415   |  23.852718   |   0.108137   |   0.041924   |
|      11      |  -16.302152  |  149.871048  |  23.993415   |  23.852718   |   0.108137   |   0.041924   |
|      12      |  -19.591128  | -987.938974  |  157.266284  |  157.235371  |   0.019826   |   0.006360   |
|      13      |  -19.591128  |  987.938974  |  157.266284  |  157.235371  |   0.019826   |   0.006360   |
|      14      |  -25.733558  |  17.198837   |   4.926137   |   2.737280   |   0.831407   |   0.365326   |
|      15      |  -25.733558  |  -17.198837  |   4.926137   |   2.737280   |   0.831407   |   0.365326   |
|      16      | -265.432811  |  -0.000000   |  42.244944   |   0.000000   |   1.000000   |     inf      |
|      17      | -458.598861  |  733.926720  |  137.736751  |  116.808065  |   0.529911   |   0.008561   |
|      18      | -458.598861  | -733.926720  |  137.736751  |  116.808065  |   0.529911   |   0.008561   |
|      19      | -509.293752  | -496.013975  |  113.146739  |  78.943076   |   0.716385   |   0.012667   |
|      20      | -509.293752  |  496.013975  |  113.146739  |  78.943076   |   0.716385   |   0.012667   |
|      21      | -528.781565  |  435.668573  |  109.043444  |  69.338807   |   0.771786   |   0.014422   |
|      22      | -528.781565  | -435.668573  |  109.043444  |  69.338807   |   0.771786   |   0.014422   |
|      23      | -596.723080  |  -0.000000   |  94.971428   |   0.000000   |   1.000000   |     inf      |
|      24      | -738.559641  |  230.499298  |  123.137005  |  36.685103   |   0.954591   |   0.027259   |
|      25      | -738.559641  | -230.499298  |  123.137005  |  36.685103   |   0.954591   |   0.027259   |
|      26      | -789.201657  |   0.000000   |  125.605345  |   0.000000   |   1.000000   |     inf      |
|      27      | -1062.732027 |   0.000000   |  169.139055  |   0.000000   |   1.000000   |     inf      |
|      28      | -1251.512725 |  -0.000000   |  199.184436  |   0.000000   |   1.000000   |     inf      |
|      29      | -1465.927316 |  -0.000000   |  233.309579  |   0.000000   |   1.000000   |     inf      |
|      30      | -1592.492805 |   0.000000   |  253.453102  |   0.000000   |   1.000000   |     inf      |
|      31      | -1959.595231 |   0.000000   |  311.879267  |   0.000000   |   1.000000   |     inf      |
|      32      | -2064.300234 |   0.000000   |  328.543586  |   0.000000   |   1.000000   |     inf      |
|      33      | -2292.601225 |   0.000000   |  364.878818  |   0.000000   |   1.000000   |     inf      |
|      34      | -3057.190242 | -518.693125  |  493.520328  |  82.552575   |   0.985911   |   0.012113   |
|      35      | -3057.190242 |  518.693125  |  493.520328  |  82.552575   |   0.985911   |   0.012113   |
|      36      | -3516.723977 |   0.000000   |  559.704004  |   0.000000   |   1.000000   |     inf      |
|      37      | -3985.936157 |  40.898473   |  634.414836  |   6.509194   |   0.999947   |   0.153629   |
|      38      | -3985.936157 |  -40.898473  |  634.414836  |   6.509194   |   0.999947   |   0.153629   |
|      39      | -4989.404361 |   0.000000   |  794.088367  |   0.000000   |   1.000000   |     inf      |
|      40      | -5722.674626 | -6137.362854 | 1335.538799  |  976.791636  |   0.681966   |   0.001024   |
|      41      | -5722.674626 | 6137.362854  | 1335.538799  |  976.791636  |   0.681966   |   0.001024   |
|      42      | -5729.281502 | -6183.232566 | 1341.601891  |  984.092027  |   0.679668   |   0.001016   |
|      43      | -5729.281502 | 6183.232566  | 1341.601891  |  984.092027  |   0.679668   |   0.001016   |
|      44      | -5931.873139 | 6173.914249  | 1362.652019  |  982.608971  |   0.692831   |   0.001018   |
|      45      | -5931.873139 | -6173.914249 | 1362.652019  |  982.608971  |   0.692831   |   0.001018   |
|      46      | -6161.806575 | -6156.486586 | 1386.295169  |  979.835272  |   0.707412   |   0.001021   |
|      47      | -6161.806575 | 6156.486586  | 1386.295169  |  979.835272  |   0.707412   |   0.001021   |
|      48      | -6224.066584 |   0.000000   |  990.590963  |   0.000000   |   1.000000   |     inf      |
|      49      | -6507.721456 |   0.000000   | 1035.736038  |   0.000000   |   1.000000   |     inf      |
|      50      | -6637.728727 | 6305.173875  | 1457.069026  | 1003.499589  |   0.725036   |   0.000997   |
|      51      | -6637.728727 | -6305.173875 | 1457.069026  | 1003.499589  |   0.725036   |   0.000997   |
|      52      | -6747.465177 |   0.000000   | 1073.892436  |   0.000000   |   1.000000   |     inf      |
|      53      | -7083.083351 |   0.000000   | 1127.307728  |   0.000000   |   1.000000   |     inf      |
|      54      | -7095.963199 | 9676.105373  | 1909.724753  | 1540.000000  |   0.591372   |   0.000649   |
|      55      | -7120.627973 | -2934.377276 | 1225.740169  |  467.020648  |   0.924570   |   0.002141   |
|      56      | -7120.627973 | 2934.377276  | 1225.740169  |  467.020648  |   0.924570   |   0.002141   |
|      57      | -7449.389085 |   0.000000   | 1185.607096  |   0.000000   |   1.000000   |     inf      |
|      58      | -7934.626682 | -6152.368518 | 1597.981722  |  979.179861  |   0.790269   |   0.001021   |
|      59      | -7934.626682 | 6152.368518  | 1597.981722  |  979.179861  |   0.790269   |   0.001021   |
|      60      | -8669.048413 |   0.000000   | 1379.721907  |   0.000000   |   1.000000   |     inf      |
|      61      | -9871.778747 | 5384.629085  | 1789.670592  |  856.990336  |   0.877895   |   0.001167   |
|      62      | -9871.778747 | -5384.629085 | 1789.670592  |  856.990336  |   0.877895   |   0.001167   |
|      63      |-16123.518201 |  -0.000000   | 2566.137622  |   0.000000   |   1.000000   |     inf      |
|==============|==============|==============|==============|==============|==============|==============|