|==============|==============|==============|==============|==============|==============|==============|
|     mode     |  eval_real   |  eval_imag   | freq_n (Hz)  | freq_d (Hz)  |   damping    |  period (s)  |
|==============|==============|==============|==============|==============|==============|==============|
|      0       |  -0.270514   | -631.914558  |  100.572335  |  100.572325  |   0.000428   |   0.009943   |
|      1       |  -0.270514   |  631.914558  |  100.572335  |  100.572325  |   0.000428   |   0.009943   |
|      2       |  -1.850103   | -250.375702  |  39.849619   |  39.848531   |   0.007389   |   0.025095   |
|      3       |  -1.850103   |  250.375702  |  39.849619   |  39.848531   |   0.007389   |   0.025095   |
|      4       |  -3.191920   |  28.402608   |   4.548871   |   4.520415   |   0.111678   |   0.221219   |
|      5       |  -3.191920   |  -28.402608  |   4.548871   |   4.520415   |   0.111678   |   0.221219   |
|      6       |  -3.620339   | -537.344703  |  85.523007   |  85.521066   |   0.006737   |   0.011693   |
|      7       |  -3.620339   |  537.344703  |  85.523007   |  85.521066   |   0.006737   |   0.011693   |
|      8       |  -3.634566   |  189.248105  |  30.125326   |  30.119771   |   0.019202   |   0.033201   |
|      9       |  -3.634566   | -189.248105  |  30.125326   |  30.119771   |   0.019202   |   0.033201   |
|      10      |  -5.026254   | 1449.225208  |  230.652743  |  230.651356  |   0.003468   |   0.004336   |
|      11      |  -5.026254   | -1449.225208 |  230.652743  |  230.651356  |   0.003468   |   0.004336   |
|      12      |  -6.077540   | -1002.869997 |  159.614648  |  159.611717  |   0.006060   |   0.006265   |
|      13      |  -6.077540   | 1002.869997  |  159.614648  |  159.611717  |   0.006060   |   0.006265   |
|      14      |  -6.766916   | -974.177159  |  155.048851  |  155.045110  |   0.006946   |   0.006450   |
|      15      |  -6.766916   |  974.177159  |  155.048851  |  155.045110  |   0.006946   |   0.006450   |
|      16      |  -93.910173  |   0.000000   |  14.946268   |   0.000000   |   1.000000   |     inf      |
|      17      | -142.534603  |  -28.121944  |  23.122402   |   4.475746   |   0.981087   |   0.223426   |
|      18      | -142.534603  |  28.121944   |  23.122402   |   4.475746   |   0.981087   |   0.223426   |
|      19      | -144.751736  | -232.408170  |  43.576676   |  36.988909   |   0.528676   |   0.027035   |
|      20      | -144.751736  |  232.408170  |  43.576676   |  36.988909   |   0.528676   |   0.027035   |
|      21      | -157.704119  | -152.631570  |  34.929701   |  24.292069   |   0.718569   |   0.041166   |
|      22      | -157.704119  |  152.631570  |  34.929701   |  24.292069   |   0.718569   |   0.041166   |
|      23      | -163.233045  |  125.821506  |  32.801397   |  20.025115   |   0.792020   |   0.049937   |
|      24      | -163.233045  | -125.821506  |  32.801397   |  20.025115   |   0.792020   |   0.049937   |
|      25      | -184.482995  |   0.000000   |  29.361381   |   0.000000   |   1.000000   |     inf      |
|      26      | -232.249167  |  -0.000000   |  36.963603   |   0.000000   |   1.000000   |     inf      |
|      27      | -315.156110  |  -0.000000   |  50.158653   |   0.000000   |   1.000000   |     inf      |
|      28      | -375.429661  |   0.000000   |  59.751486   |   0.000000   |   1.000000   |     inf      |
|      29      | -429.298190  |  -0.000000   |  68.324929   |   0.000000   |   1.000000   |     inf      |
|      30      | -498.723533  |   0.000000   |  79.374315   |   0.000000   |   1.000000   |     inf      |
|      31      | -565.388145  |   0.000000   |  89.984318   |   0.000000   |   1.000000   |     inf      |
|      32      | -642.214989  |  -5.656690   |  102.215655  |   0.900290   |   0.999961   |   1.110753   |
|      33      | -642.214989  |   5.656690   |  102.215655  |   0.900290   |   0.999961   |   1.110753   |
|      34      | -821.137946  |   0.000000   |  130.688163  |   0.000000   |   1.000000   |     inf      |
|      35      | -1041.549495 |  -55.523438  |  166.003123  |   8.836830   |   0.998582   |   0.113163   |
|      36      | -1041.549495 |  55.523438   |  166.003123  |   8.836830   |   0.998582   |   0.113163   |
|      37      | -1240.442599 |   0.000000   |  197.422571  |   0.000000   |   1.000000   |     inf      |
|      38      | -1280.798464 |  69.106659   |  204.141913  |  10.998666   |   0.998548   |   0.090920   |
|      39      | -1280.798464 |  -69.106659  |  204.141913  |  10.998666   |   0.998548   |   0.090920   |
|      40      | -1773.848118 | -1925.133684 |  416.629730  |  306.394542  |   0.677620   |   0.003264   |
|      41      | -1773.848118 | 1925.133684  |  416.629730  |  306.394542  |   0.677620   |   0.003264   |
|      42      | -1797.076854 | -1919.286471 |  418.463891  |  305.463929  |   0.683485   |   0.003274   |
|      43      | -1797.076854 | 1919.286471  |  418.463891  |  305.463929  |   0.683485   |   0.003274   |
|      44      | -1904.637417 | 1904.667470  |  428.697418  |  303.137243  |   0.707101   |   0.003299   |
|      45      | -1904.637417 | -1904.667470 |  428.697418  |  303.137243  |   0.707101   |   0.003299   |
|      46      | -1952.094209 |   0.000000   |  310.685443  |   0.000000   |   1.000000   |     inf      |
|      47      | -2043.465309 |   0.000000   |  325.227605  |   0.000000   |   1.000000   |     inf      |
|      48      | -2111.826538 | -1875.261236 |  449.494136  |  298.457095  |   0.747746   |   0.003351   |
|      49      | -2111.826538 | 1875.261236  |  449.494136  |  298.457095  |   0.747746   |   0.003351   |
|      50      | -2154.646708 |   0.000000   |  342.922674  |   0.000000   |   1.000000   |     inf      |
|      51      | -2244.168039 | 1918.138830  |  469.858892  |  305.281276  |   0.760165   |   0.003276   |
|      52      | -2244.168039 | -1918.138830 |  469.858892  |  305.281276  |   0.760165   |   0.003276   |
|      53      | -2336.100370 | 1020.893055  |  405.754207  |  162.480176  |   0.916323   |   0.006155   |
|      54      | -2336.100370 | -1020.893055 |  405.754207  |  162.480176  |   0.916323   |   0.006155   |
|      55      | -2364.944618 | 3015.928947  |  609.976564  |  480.000000  |   0.617061   |   0.002083   |
|      56      | -2376.081837 |   0.000000   |  378.165170  |   0.000000   |   1.000000   |     inf      |
|      57      | -2417.898274 | -1569.406027 |  458.776853  |  249.778727  |   0.838797   |   0.004004   |
|      58      | -2417.898274 | 1569.406027  |  458.776853  |  249.778727  |   0.838797   |   0.004004   |
|      59      | -2523.626429 |   0.000000   |  401.647621  |   0.000000   |   1.000000   |     inf      |
|      60      | -2532.276966 | -2373.225594 |  552.353102  |  377.710584  |   0.729650   |   0.002648   |
|      61      | -2532.276966 | 2373.225594  |  552.353102  |  377.710584  |   0.729650   |   0.002648   |
|      62      | -2612.608130 |  483.090661  |  422.858176  |  76.886267   |   0.983331   |   0.013006   |
|      63      | -2612.608130 | -483.090661  |  422.858176  |  76.886267   |   0.983331   |   0.013006   |
|==============|==============|==============|==============|==============|==============|==============||==============|==============|==============|==============|==============|==============|==============|
|     mode     |  eval_real   |  eval_imag   | freq_n (Hz)  | freq_d (Hz)  |   damping    |  period (s)  |
|==============|==============|==============|==============|==============|==============|==============|
|      0       |  -0.010834   | -657.715539  |  104.678679  |  104.678679  |   0.000016   |   0.009553   |
|      1       |  -0.010834   |  657.715539  |  104.678679  |  104.678679  |   0.000016   |   0.009553   |
|      2       |  -1.862111   | -251.385615  |  40.010361   |  40.009263   |   0.007407   |   0.024994   |
|      3       |  -1.862111   |  251.385615  |  40.010361   |  40.009263   |   0.007407   |   0.024994   |
|      4       |  -3.192149   |  28.385369   |   4.546149   |   4.517672   |   0.111753   |   0.221353   |
|      5       |  -3.192149   |  -28.385369  |   4.546149   |   4.517672   |   0.111753   |   0.221353   |
|      6       |  -3.627725   |  537.582303  |  85.560829   |  85.558881   |   0.006748   |   0.011688   |
|      7       |  -3.627725   | -537.582303  |  85.560829   |  85.558881   |   0.006748   |   0.011688   |
|      8       |  -3.634711   |  189.291723  |  30.132267   |  30.126713   |   0.019198   |   0.033193   |
|      9       |  -3.634711   | -189.291723  |  30.132267   |  30.126713   |   0.019198   |   0.033193   |
|      10      |  -5.035858   | -1449.134454 |  230.638304  |  230.636912  |   0.003475   |   0.004336   |
|      11      |  -5.035858   | 1449.134454  |  230.638304  |  230.636912  |   0.003475   |   0.004336   |
|      12      |  -5.736625   | -998.139543  |  158.861466  |  158.858842  |   0.005747   |   0.006295   |
|      13      |  -5.736625   |  998.139543  |  158.861466  |  158.858842  |   0.005747   |   0.006295   |
|      14      |  -7.375715   | -949.621764  |  151.141557  |  151.136998  |   0.007767   |   0.006617   |
|      15      |  -7.375715   |  949.621764  |  151.141557  |  151.136998  |   0.007767   |   0.006617   |
|      16      |  -93.903760  |   0.000000   |  14.945248   |   0.000000   |   1.000000   |     inf      |
|      17      | -142.476086  | -229.097940  |  42.938016   |  36.462070   |   0.528105   |   0.027426   |
|      18      | -142.476086  |  229.097940  |  42.938016   |  36.462070   |   0.528105   |   0.027426   |
|      19      | -158.891521  |  152.785869  |  35.082760   |  24.316626   |   0.720820   |   0.041124   |
|      20      | -158.891521  | -152.785869  |  35.082760   |  24.316626   |   0.720820   |   0.041124   |
|      21      | -164.839123  | -135.778527  |  33.989082   |  21.609824   |   0.771864   |   0.046275   |
|      22      | -164.839123  |  135.778527  |  33.989082   |  21.609824   |   0.771864   |   0.046275   |
|      23      | -186.743826  |  -0.000000   |  29.721203   |   0.000000   |   1.000000   |     inf      |
|      24      | -230.228975  |  -71.837104  |  38.384381   |  11.433230   |   0.954609   |   0.087464   |
|      25      | -230.228975  |  71.837104   |  38.384381   |  11.433230   |   0.954609   |   0.087464   |
|      26      | -245.917765  |  -0.000000   |  39.139028   |   0.000000   |   1.000000   |     inf      |
|      27      | -331.324919  |  -0.000000   |  52.731999   |   0.000000   |   1.000000   |     inf      |
|      28      | -390.534267  |   0.000000   |  62.155459   |   0.000000   |   1.000000   |     inf      |
|      29      | -457.493507  |  -0.000000   |  72.812353   |   0.000000   |   1.000000   |     inf      |
|      30      | -496.884788  |   0.000000   |  79.081670   |   0.000000   |   1.000000   |     inf      |
|      31      | -611.197533  |   0.000000   |  97.275109   |   0.000000   |   1.000000   |     inf      |
|      32      | -642.128345  |   0.000000   |  102.197900  |   0.000000   |   1.000000   |     inf      |
|      33      | -715.890817  |  -0.000000   |  113.937562  |   0.000000   |   1.000000   |     inf      |
|      34      | -952.672335  | -161.318626  |  153.780928  |  25.674657   |   0.985964   |   0.038949   |
|      35      | -952.672335  |  161.318626  |  153.780928  |  25.674657   |   0.985964   |   0.038949   |
|      36      | -1100.996973 |   0.000000   |  175.229111  |   0.000000   |   1.000000   |     inf      |
|      37      | -1245.082956 |   0.000000   |  198.161107  |   0.000000   |   1.000000   |     inf      |
|      38      | -1252.635284 |  -0.000000   |  199.363097  |   0.000000   |   1.000000   |     inf      |
|      39      | -1556.455870 |  -0.000000   |  247.717645  |   0.000000   |   1.000000   |     inf      |
|      40      | -1778.225581 | -1924.937920 |  417.079253  |  306.363385  |   0.678560   |   0.003264   |
|      41      | -1778.225581 | 1924.937920  |  417.079253  |  306.363385  |   0.678560   |   0.003264   |
|      42      | -1800.674864 | 1918.709482  |  418.788525  |  305.372098  |   0.684322   |   0.003275   |
|      43      | -1800.674864 | -1918.709482 |  418.788525  |  305.372098  |   0.684322   |   0.003275   |
|      44      | -1913.642139 | -1899.552394 |  429.138086  |  302.323153  |   0.709715   |   0.003308   |
|      45      | -1913.642139 | 1899.552394  |  429.138086  |  302.323153  |   0.709715   |   0.003308   |
|      46      | -1951.187717 |   0.000000   |  310.541170  |   0.000000   |   1.000000   |     inf      |
|      47      | -2052.605367 |   0.000000   |  326.682290  |   0.000000   |   1.000000   |     inf      |
|      48      | -2087.561815 | 1872.127538  |  446.280673  |  297.958352  |   0.744477   |   0.003356   |
|      49      | -2087.561815 | -1872.127538 |  446.280673  |  297.958352  |   0.744477   |   0.003356   |
|      50      | -2185.826581 |   0.000000   |  347.885105  |   0.000000   |   1.000000   |     inf      |
|      51      | -2188.348292 | -1924.284056 |  463.786827  |  306.259319  |   0.750962   |   0.003265   |
|      52      | -2188.348292 | 1924.284056  |  463.786827  |  306.259319  |   0.750962   |   0.003265   |
|      53      | -2211.275350 | -3015.928947 |  595.196209  |  480.000000  |   0.591293   |   0.002083   |
|      54      | -2217.873936 |  915.432414  |  381.871758  |  145.695594  |   0.924356   |   0.006864   |
|      55      | -2217.873936 | -915.432414  |  381.871758  |  145.695594  |   0.924356   |   0.006864   |
|      56      | -2368.720093 |   0.000000   |  376.993512  |   0.000000   |   1.000000   |     inf      |
|      57      | -2484.402971 |   0.000000   |  395.405014  |   0.000000   |   1.000000   |     inf      |
|      58      | -2555.595477 | 1849.651348  |  502.089788  |  294.381155  |   0.810085   |   0.003397   |
|      59      | -2555.595477 | -1849.651348 |  502.089788  |  294.381155  |   0.810085   |   0.003397   |
|      60      | -2938.114427 |   0.000000   |  467.615434  |   0.000000   |   1.000000   |     inf      |
|      61      | -2980.130855 | -1826.516329 |  556.299275  |  290.699102  |   0.852603   |   0.003440   |
|      62      | -2980.130855 | 1826.516329  |  556.299275  |  290.699102  |   0.852603   |   0.003440   |
|      63      | -3843.020659 |   0.000000   |  611.635734  |   0.000000   |   1.000000   |     inf      |
|==============|==============|==============|==============|==============|==============|==============|