|==============|==============|==============|==============|==============|==============|==============|
|     mode     |  eval_real   |  eval_imag   | freq_n (Hz)  | freq_d (Hz)  |   damping    |  period (s)  |
|==============|==============|==============|==============|==============|==============|==============|
|      0       |   0.010987   |  246.146949  |  39.175504   |  39.175504   |  -0.000045   |   0.025526   |
|      1       |   0.010987   | -246.146949  |  39.175504   |  39.175504   |  -0.000045   |   0.025526   |
|      2       |  -0.298356   | -560.988498  |  89.284105   |  89.284093   |   0.000532   |   0.011200   |
|      3       |  -0.298356   |  560.988498  |  89.284105   |  89.284093   |   0.000532   |   0.011200   |
|      4       |  -3.605517   |  517.989957  |  82.442659   |  82.440662   |   0.006960   |   0.012130   |
|      5       |  -3.605517   | -517.989957  |  82.442659   |  82.440662   |   0.006960   |   0.012130   |
|      6       |  -3.853370   |  28.243459   |   4.536730   |   4.495086   |   0.135182   |   0.222465   |
|      7       |  -3.853370   |  -28.243459  |   4.536730   |   4.495086   |   0.135182   |   0.222465   |
|      8       |  -3.957867   | -185.398985  |  29.513888   |  29.507165   |   0.021343   |   0.033890   |
|      9       |  -3.957867   |  185.398985  |  29.513888   |  29.507165   |   0.021343   |   0.033890   |
|      10      |  -5.355771   | -969.101801  |  154.239697  |  154.237342  |   0.005526   |   0.006484   |
|      11      |  -5.355771   |  969.101801  |  154.239697  |  154.237342  |   0.005526   |   0.006484   |
|      12      |  -5.720684   | 1442.580895  |  229.595686  |  229.593880  |   0.003966   |   0.004356   |
|      13      |  -5.720684   | -1442.580895 |  229.595686  |  229.593880  |   0.003966   |   0.004356   |
|      14      |  -7.079327   | 1062.906146  |  169.170519  |  169.166767  |   0.006660   |   0.005911   |
|      15      |  -7.079327   | -1062.906146 |  169.170519  |  169.166767  |   0.006660   |   0.005911   |
|      16      | -101.317094  |  -0.000000   |  16.125116   |   0.000000   |   1.000000   |     inf      |
|      17      | -151.882504  |   0.000000   |  24.172851   |   0.000000   |   1.000000   |     inf      |
|      18      | -170.976443  | -183.690944  |  39.939744   |  29.235322   |   0.681320   |   0.034205   |
|      19      | -170.976443  |  183.690944  |  39.939744   |  29.235322   |   0.681320   |   0.034205   |
|      20      | -172.143171  |  133.756356  |  34.695790   |  21.287985   |   0.789647   |   0.046975   |
|      21      | -172.143171  | -133.756356  |  34.695790   |  21.287985   |   0.789647   |   0.046975   |
|      22      | -179.460347  |  220.333551  |  45.227144   |  35.067174   |   0.631523   |   0.028517   |
|      23      | -179.460347  | -220.333551  |  45.227144   |  35.067174   |   0.631523   |   0.028517   |
|      24      | -196.015286  |   0.000000   |  31.196802   |   0.000000   |   1.000000   |     inf      |
|      25      | -256.446559  |  -39.760422  |  41.302388   |   6.328068   |   0.988193   |   0.158026   |
|      26      | -256.446559  |  39.760422   |  41.302388   |   6.328068   |   0.988193   |   0.158026   |
|      27      | -349.119162  |   0.000000   |  55.564040   |   0.000000   |   1.000000   |     inf      |
|      28      | -409.641481  |   0.000000   |  65.196467   |   0.000000   |   1.000000   |     inf      |
|      29      | -455.578469  |  -0.000000   |  72.507565   |   0.000000   |   1.000000   |     inf      |
|      30      | -548.845496  |   0.000000   |  87.351474   |   0.000000   |   1.000000   |     inf      |
|      31      | -553.706919  |  -67.292033  |  88.773593   |  10.709860   |   0.992696   |   0.093372   |
|      32      | -553.706919  |  67.292033   |  88.773593   |  10.709860   |   0.992696   |   0.093372   |
|      33      | -801.642958  |  -0.000000   |  127.585439  |   0.000000   |   1.000000   |     inf      |
|      34      | -859.805442  |   0.000000   |  136.842286  |   0.000000   |   1.000000   |     inf      |
|      35      | -1032.705217 |  -0.000000   |  164.360140  |   0.000000   |   1.000000   |     inf      |
|      36      | -1149.862162 |  -0.000000   |  183.006247  |   0.000000   |   1.000000   |     inf      |
|      37      | -1174.915033 |   0.000000   |  186.993535  |   0.000000   |   1.000000   |     inf      |
|      38      | -1311.170495 |  24.881259   |  208.716835  |   3.959975   |   0.999820   |   0.252527   |
|      39      | -1311.170495 |  -24.881259  |  208.716835  |   3.959975   |   0.999820   |   0.252527   |
|      40      | -1930.900694 | -2083.148951 |  452.064117  |  331.543453  |   0.679798   |   0.003016   |
|      41      | -1930.900694 | 2083.148951  |  452.064117  |  331.543453  |   0.679798   |   0.003016   |
|      42      | -1942.355883 | 2082.062904  |  453.179058  |  331.370603  |   0.682149   |   0.003018   |
|      43      | -1942.355883 | -2082.062904 |  453.179058  |  331.370603  |   0.682149   |   0.003018   |
|      44      | -2045.955002 | -2066.961908 |  462.871813  |  328.967205  |   0.703486   |   0.003040   |
|      45      | -2045.955002 | 2066.961908  |  462.871813  |  328.967205  |   0.703486   |   0.003040   |
|      46      | -2099.924763 |   0.000000   |  334.213406  |   0.000000   |   1.000000   |     inf      |
|      47      | -2215.695620 |  -0.000000   |  352.638910  |   0.000000   |   1.000000   |     inf      |
|      48      | -2222.739352 | -2055.220928 |  481.808655  |  327.098570  |   0.734233   |   0.003057   |
|      49      | -2222.739352 | 2055.220928  |  481.808655  |  327.098570  |   0.734233   |   0.003057   |
|      50      | -2247.481005 | 2052.890738  |  484.457066  |  326.727709  |   0.738348   |   0.003061   |
|      51      | -2247.481005 | -2052.890738 |  484.457066  |  326.727709  |   0.738348   |   0.003061   |
|      52      | -2323.128706 |  -0.000000   |  369.737417  |   0.000000   |   1.000000   |     inf      |
|      53      | -2490.870959 | -110.005010  |  396.820839  |  17.507841   |   0.999026   |   0.057117   |
|      54      | -2490.870959 |  110.005010  |  396.820839  |  17.507841   |   0.999026   |   0.057117   |
|      55      | -2653.685620 | -1139.185635 |  459.618734  |  181.307025  |   0.918908   |   0.005516   |
|      56      | -2653.685620 | 1139.185635  |  459.618734  |  181.307025  |   0.918908   |   0.005516   |
|      57      | -2698.633852 | -2581.443526 |  594.363817  |  410.849497  |   0.722623   |   0.002434   |
|      58      | -2698.633852 | 2581.443526  |  594.363817  |  410.849497  |   0.722623   |   0.002434   |
|      59      | -2699.763034 | 3267.256360  |  674.555739  |  520.000000  |   0.636983   |   0.001923   |
|      60      | -2718.050044 |  179.907362  |  433.537676  |  28.633146   |   0.997817   |   0.034925   |
|      61      | -2718.050044 | -179.907362  |  433.537676  |  28.633146   |   0.997817   |   0.034925   |
|      62      | -2768.854177 | -1704.675133 |  517.497645  |  271.307474  |   0.851553   |   0.003686   |
|      63      | -2768.854177 | 1704.675133  |  517.497645  |  271.307474  |   0.851553   |   0.003686   |
|==============|==============|==============|==============|==============|==============|==============||==============|==============|==============|==============|==============|==============|==============|
|     mode     |  eval_real   |  eval_imag   | freq_n (Hz)  | freq_d (Hz)  |   damping    |  period (s)  |
|==============|==============|==============|==============|==============|==============|==============|
|      0       |  40.605103   |  922.099027  |  146.898839  |  146.756618  |  -0.043993   |   0.006814   |
|      1       |  40.605103   | -922.099027  |  146.898839  |  146.756618  |  -0.043993   |   0.006814   |
|      2       |  35.504058   |  230.527830  |  37.122227   |  36.689644   |  -0.152217   |   0.027256   |
|      3       |  35.504058   | -230.527830  |  37.122227   |  36.689644   |  -0.152217   |   0.027256   |
|      4       |   8.256178   | -523.906033  |  83.392588   |  83.382235   |  -0.015757   |   0.011993   |
|      5       |   8.256178   |  523.906033  |  83.392588   |  83.382235   |  -0.015757   |   0.011993   |
|      6       |   4.457817   |  621.626989  |  98.937552   |  98.935008   |  -0.007171   |   0.010108   |
|      7       |   4.457817   | -621.626989  |  98.937552   |  98.935008   |  -0.007171   |   0.010108   |
|      8       |   1.140857   |  969.004512  |  154.221965  |  154.221858  |  -0.001177   |   0.006484   |
|      9       |   1.140857   | -969.004512  |  154.221965  |  154.221858  |  -0.001177   |   0.006484   |
|      10      |   0.500965   | -1437.010274 |  228.707302  |  228.707288  |  -0.000349   |   0.004372   |
|      11      |   0.500965   | 1437.010274  |  228.707302  |  228.707288  |  -0.000349   |   0.004372   |
|      12      |  -2.845491   |  194.900830  |  31.022736   |  31.019431   |   0.014598   |   0.032238   |
|      13      |  -2.845491   | -194.900830  |  31.022736   |  31.019431   |   0.014598   |   0.032238   |
|      14      |  -3.973403   |  28.765485   |   4.621639   |   4.578169   |   0.136832   |   0.218428   |
|      15      |  -3.973403   |  -28.765485  |   4.621639   |   4.578169   |   0.136832   |   0.218428   |
|      16      | -105.569793  |  -0.000000   |  16.801954   |   0.000000   |   1.000000   |     inf      |
|      17      | -132.773615  | -188.909127  |  36.749111   |  30.065821   |   0.575023   |   0.033260   |
|      18      | -132.773615  |  188.909127  |  36.749111   |  30.065821   |   0.575023   |   0.033260   |
|      19      | -146.574757  |  -0.000000   |  23.328097   |   0.000000   |   1.000000   |     inf      |
|      20      | -187.738404  | -148.972623  |  38.143617   |  23.709729   |   0.783342   |   0.042177   |
|      21      | -187.738404  |  148.972623  |  38.143617   |  23.709729   |   0.783342   |   0.042177   |
|      22      | -205.619747  |  -0.000000   |  32.725399   |   0.000000   |   1.000000   |     inf      |
|      23      | -239.475542  | -154.814551  |  45.384583   |  24.639501   |   0.839794   |   0.040585   |
|      24      | -239.475542  |  154.814551  |  45.384583   |  24.639501   |   0.839794   |   0.040585   |
|      25      | -268.260751  |  36.018177   |  43.078142   |   5.732471   |   0.991106   |   0.174445   |
|      26      | -268.260751  |  -36.018177  |  43.078142   |   5.732471   |   0.991106   |   0.174445   |
|      27      | -292.150429  |   0.000000   |  46.497185   |   0.000000   |   1.000000   |     inf      |
|      28      | -377.083609  |   0.000000   |  60.014720   |   0.000000   |   1.000000   |     inf      |
|      29      | -441.051426  |   0.000000   |  70.195515   |   0.000000   |   1.000000   |     inf      |
|      30      | -512.619998  |   0.000000   |  81.586007   |   0.000000   |   1.000000   |     inf      |
|      31      | -561.009510  |  -0.000000   |  89.287437   |   0.000000   |   1.000000   |     inf      |
|      32      | -656.703727  |  27.803059   |  104.611274  |   4.424994   |   0.999105   |   0.225989   |
|      33      | -656.703727  |  -27.803059  |  104.611274  |   4.424994   |   0.999105   |   0.225989   |
|      34      | -893.282333  |   0.000000   |  142.170299  |   0.000000   |   1.000000   |     inf      |
|      35      | -1083.281544 |   0.000000   |  172.409612  |   0.000000   |   1.000000   |     inf      |
|      36      | -1085.248633 |  64.798942   |  173.030301  |  10.313072   |   0.998222   |   0.096964   |
|      37      | -1085.248633 |  -64.798942  |  173.030301  |  10.313072   |   0.998222   |   0.096964   |
|      38      | -1311.323012 |  -0.000000   |  208.703539  |   0.000000   |   1.000000   |     inf      |
|      39      | -1360.979025 |   0.000000   |  216.606539  |   0.000000   |   1.000000   |     inf      |
|      40      | -1667.217980 | -210.930636  |  267.461174  |  33.570653   |   0.992092   |   0.029788   |
|      41      | -1667.217980 |  210.930636  |  267.461174  |  33.570653   |   0.992092   |   0.029788   |
|      42      | -1861.386634 | -2129.077113 |  450.094275  |  338.853147  |   0.658193   |   0.002951   |
|      43      | -1861.386634 | 2129.077113  |  450.094275  |  338.853147  |   0.658193   |   0.002951   |
|      44      | -2018.763646 | 2167.306021  |  471.394858  |  344.937466  |   0.681586   |   0.002899   |
|      45      | -2018.763646 | -2167.306021 |  471.394858  |  344.937466  |   0.681586   |   0.002899   |
|      46      | -2024.347293 |   0.000000   |  322.184878  |   0.000000   |   1.000000   |     inf      |
|      47      | -2063.485526 | -2945.605894 |  572.395317  |  468.807738  |   0.573754   |   0.002133   |
|      48      | -2063.485526 | 2945.605894  |  572.395317  |  468.807738  |   0.573754   |   0.002133   |
|      49      | -2089.409541 |   0.000000   |  332.539857  |   0.000000   |   1.000000   |     inf      |
|      50      | -2143.457091 | 2490.460489  |  522.959065  |  396.369097  |   0.652330   |   0.002523   |
|      51      | -2143.457091 | -2490.460489 |  522.959065  |  396.369097  |   0.652330   |   0.002523   |
|      52      | -2253.222638 | 2105.544527  |  490.815111  |  335.107819  |   0.730645   |   0.002984   |
|      53      | -2253.222638 | -2105.544527 |  490.815111  |  335.107819  |   0.730645   |   0.002984   |
|      54      | -2292.826912 | -1649.555089 |  449.541222  |  262.534846  |   0.811749   |   0.003809   |
|      55      | -2292.826912 | 1649.555089  |  449.541222  |  262.534846  |   0.811749   |   0.003809   |
|      56      | -2301.258055 |   0.000000   |  366.256595  |   0.000000   |   1.000000   |     inf      |
|      57      | -2330.709477 | 2295.019874  |  520.592945  |  365.263757  |   0.712541   |   0.002738   |
|      58      | -2330.709477 | -2295.019874 |  520.592945  |  365.263757  |   0.712541   |   0.002738   |
|      59      | -2370.958221 | -407.710827  |  382.888259  |  64.889194   |   0.985535   |   0.015411   |
|      60      | -2370.958221 |  407.710827  |  382.888259  |  64.889194   |   0.985535   |   0.015411   |
|      61      | -2649.755480 |   0.000000   |  421.721683  |   0.000000   |   1.000000   |     inf      |
|      62      | -3139.295400 | 2528.968926  |  641.591052  |  402.497906  |   0.778743   |   0.002484   |
|      63      | -3139.295400 | -2528.968926 |  641.591052  |  402.497906  |   0.778743   |   0.002484   |
|==============|==============|==============|==============|==============|==============|==============|