|==============|==============|==============|==============|==============|==============|==============|
|     mode     |  eval_real   |  eval_imag   | freq_n (Hz)  | freq_d (Hz)  |   damping    |  period (s)  |
|==============|==============|==============|==============|==============|==============|==============|
|      0       |   8.139936   | -357.105429  |  56.849857   |  56.835094   |  -0.022788   |   0.017595   |
|      1       |   8.139936   |  357.105429  |  56.849857   |  56.835094   |  -0.022788   |   0.017595   |
|      2       |   5.684226   |  173.518439  |  27.631131   |  27.616317   |  -0.032741   |   0.036210   |
|      3       |   5.684226   | -173.518439  |  27.631131   |  27.616317   |  -0.032741   |   0.036210   |
|      4       |  -5.344922   |  514.603279  |  81.906073   |  81.901656   |   0.010386   |   0.012210   |
|      5       |  -5.344922   | -514.603279  |  81.906073   |  81.901656   |   0.010386   |   0.012210   |
|      6       |  -5.716669   | 1004.794354  |  159.920576  |  159.917988  |   0.005689   |   0.006253   |
|      7       |  -5.716669   | -1004.794354 |  159.920576  |  159.917988  |   0.005689   |   0.006253   |
|      8       |  -7.367942   | 1601.318414  |  254.860439  |  254.857741  |   0.004601   |   0.003924   |
|      9       |  -7.367942   | -1601.318414 |  254.860439  |  254.857741  |   0.004601   |   0.003924   |
|      10      |  -7.975922   |  -30.224146  |   4.974997   |   4.810322   |   0.255157   |   0.207886   |
|      11      |  -7.975922   |  30.224146   |   4.974997   |   4.810322   |   0.255157   |   0.207886   |
|      12      |  -9.323311   |  177.444552  |  28.280133   |  28.241178   |   0.052470   |   0.035409   |
|      13      |  -9.323311   | -177.444552  |  28.280133   |  28.241178   |   0.052470   |   0.035409   |
|      14      |  -11.102488  | -1262.318188 |  200.911950  |  200.904179  |   0.008795   |   0.004977   |
|      15      |  -11.102488  | 1262.318188  |  200.911950  |  200.904179  |   0.008795   |   0.004977   |
|      16      | -180.005374  |   0.000000   |  28.648745   |   0.000000   |   1.000000   |     inf      |
|      17      | -262.390677  |   0.000000   |  41.760773   |   0.000000   |   1.000000   |     inf      |
|      18      | -282.804625  |  -0.000000   |  45.009754   |   0.000000   |   1.000000   |     inf      |
|      19      | -286.110046  |  447.924024  |  84.591247   |  71.289323   |   0.538304   |   0.014027   |
|      20      | -286.110046  | -447.924024  |  84.591247   |  71.289323   |   0.538304   |   0.014027   |
|      21      | -309.154434  |  295.089926  |  68.019801   |  46.965020   |   0.723370   |   0.021292   |
|      22      | -309.154434  | -295.089926  |  68.019801   |  46.965020   |   0.723370   |   0.021292   |
|      23      | -358.437170  |  -0.000000   |  57.047047   |   0.000000   |   1.000000   |     inf      |
|      24      | -366.377485  | -256.132658  |  71.147137   |  40.764779   |   0.819580   |   0.024531   |
|      25      | -366.377485  |  256.132658  |  71.147137   |  40.764779   |   0.819580   |   0.024531   |
|      26      | -488.843768  |  -0.000000   |  77.801902   |   0.000000   |   1.000000   |     inf      |
|      27      | -519.478726  |   0.000000   |  82.677607   |   0.000000   |   1.000000   |     inf      |
|      28      | -650.593196  |   0.000000   |  103.545123  |   0.000000   |   1.000000   |     inf      |
|      29      | -668.769650  | -158.300560  |  109.379159  |  25.194317   |   0.973110   |   0.039691   |
|      30      | -668.769650  |  158.300560  |  109.379159  |  25.194317   |   0.973110   |   0.039691   |
|      31      | -920.372618  |   0.000000   |  146.481852  |   0.000000   |   1.000000   |     inf      |
|      32      | -979.578326  |  -0.000000   |  155.904733  |   0.000000   |   1.000000   |     inf      |
|      33      | -1132.005455 |  -0.000000   |  180.164264  |   0.000000   |   1.000000   |     inf      |
|      34      | -1352.730440 |   0.000000   |  215.293736  |   0.000000   |   1.000000   |     inf      |
|      35      | -1492.375622 |  -0.000000   |  237.518957  |   0.000000   |   1.000000   |     inf      |
|      36      | -1604.773357 |   0.000000   |  255.407612  |   0.000000   |   1.000000   |     inf      |
|      37      | -2038.845373 |   0.000000   |  324.492319  |   0.000000   |   1.000000   |     inf      |
|      38      | -2329.376767 |  174.730121  |  371.773368  |  27.809162   |   0.997198   |   0.035959   |
|      39      | -2329.376767 | -174.730121  |  371.773368  |  27.809162   |   0.997198   |   0.035959   |
|      40      | -2719.731284 |  -0.000000   |  432.858678  |   0.000000   |   1.000000   |     inf      |
|      41      | -3488.492954 | 3772.581081  |  817.783122  |  600.424927  |   0.678922   |   0.001665   |
|      42      | -3488.492954 | -3772.581081 |  817.783122  |  600.424927  |   0.678922   |   0.001665   |
|      43      | -3531.431983 | 3783.083697  |  823.659262  |  602.096471  |   0.682375   |   0.001661   |
|      44      | -3531.431983 | -3783.083697 |  823.659262  |  602.096471  |   0.682375   |   0.001661   |
|      45      | -3724.413351 | 3790.993437  |  845.813609  |  603.355345  |   0.700815   |   0.001657   |
|      46      | -3724.413351 | -3790.993437 |  845.813609  |  603.355345  |   0.700815   |   0.001657   |
|      47      | -3822.981397 |   0.000000   |  608.446387  |   0.000000   |   1.000000   |     inf      |
|      48      | -3899.483913 | -5906.194189 | 1126.397728  |  940.000000  |   0.550980   |   0.001064   |
|      49      | -3963.612361 | -3780.885314 |  871.804767  |  601.746587  |   0.723589   |   0.001662   |
|      50      | -3963.612361 | 3780.885314  |  871.804767  |  601.746587  |   0.723589   |   0.001662   |
|      51      | -4012.460768 |   0.000000   |  638.602965  |   0.000000   |   1.000000   |     inf      |
|      52      | -4114.409507 |   0.000000   |  654.828611  |   0.000000   |   1.000000   |     inf      |
|      53      | -4183.956748 | -4290.750033 |  953.815320  |  682.894077  |   0.698141   |   0.001464   |
|      54      | -4183.956748 | 4290.750033  |  953.815320  |  682.894077  |   0.698141   |   0.001464   |
|      55      | -4194.384935 | 1599.357066  |  714.440991  |  254.545583  |   0.934377   |   0.003929   |
|      56      | -4194.384935 | -1599.357066 |  714.440991  |  254.545583  |   0.934377   |   0.003929   |
|      57      | -4405.904926 |   0.000000   |  701.221548  |   0.000000   |   1.000000   |     inf      |
|      58      | -4446.279475 | -3139.628468 |  866.286482  |  499.687390  |   0.816875   |   0.002001   |
|      59      | -4446.279475 | 3139.628468  |  866.286482  |  499.687390  |   0.816875   |   0.002001   |
|      60      | -4724.984767 |   0.000000   |  752.004682  |   0.000000   |   1.000000   |     inf      |
|      61      | -4815.422118 | 3967.653867  |  993.037155  |  631.471725  |   0.771772   |   0.001584   |
|      62      | -4815.422118 | -3967.653867 |  993.037155  |  631.471725  |   0.771772   |   0.001584   |
|      63      | -5063.244298 |   0.000000   |  805.840358  |   0.000000   |   1.000000   |     inf      |
|==============|==============|==============|==============|==============|==============|==============||==============|==============|==============|==============|==============|==============|==============|
|     mode     |  eval_real   |  eval_imag   | freq_n (Hz)  | freq_d (Hz)  |   damping    |  period (s)  |
|==============|==============|==============|==============|==============|==============|==============|
|      0       |  60.637939   | -167.465599  |  28.346423   |  26.652978   |  -0.340460   |   0.037519   |
|      1       |  60.637939   |  167.465599  |  28.346423   |  26.652978   |  -0.340460   |   0.037519   |
|      2       |  37.496708   |  335.622134  |  53.748257   |  53.415922   |  -0.111032   |   0.018721   |
|      3       |  37.496708   | -335.622134  |  53.748257   |  53.415922   |  -0.111032   |   0.018721   |
|      4       |  20.703406   | 1219.501232  |  194.117617  |  194.089649  |  -0.016974   |   0.005152   |
|      5       |  20.703406   | -1219.501232 |  194.117617  |  194.089649  |  -0.016974   |   0.005152   |
|      6       |   9.806690   | 1013.282097  |  161.276407  |  161.268855  |  -0.009678   |   0.006201   |
|      7       |   9.806690   | -1013.282097 |  161.276407  |  161.268855  |  -0.009678   |   0.006201   |
|      8       |   2.313234   | 1602.302535  |  255.014635  |  255.014369  |  -0.001444   |   0.003921   |
|      9       |   2.313234   | -1602.302535 |  255.014635  |  255.014369  |  -0.001444   |   0.003921   |
|      10      |   0.498206   |  521.532272  |  83.004477   |  83.004439   |  -0.000955   |   0.012048   |
|      11      |   0.498206   | -521.532272  |  83.004477   |  83.004439   |  -0.000955   |   0.012048   |
|      12      |  -7.469486   | -183.686651  |  29.258799   |  29.234638   |   0.040631   |   0.034206   |
|      13      |  -7.469486   |  183.686651  |  29.258799   |  29.234638   |   0.040631   |   0.034206   |
|      14      |  -8.371492   |  30.522441   |   5.037201   |   4.857797   |   0.264505   |   0.205855   |
|      15      |  -8.371492   |  -30.522441  |   5.037201   |   4.857797   |   0.264505   |   0.205855   |
|      16      | -193.159020  |   0.000000   |  30.742213   |   0.000000   |   1.000000   |     inf      |
|      17      | -268.136767  |  -0.000000   |  42.675292   |   0.000000   |   1.000000   |     inf      |
|      18      | -268.495496  | -361.787320  |  71.704539   |  57.580240   |   0.595951   |   0.017367   |
|      19      | -268.495496  |  361.787320  |  71.704539   |  57.580240   |   0.595951   |   0.017367   |
|      20      | -323.406121  | -248.510562  |  64.912787   |  39.551684   |   0.792936   |   0.025283   |
|      21      | -323.406121  |  248.510562  |  64.912787   |  39.551684   |   0.792936   |   0.025283   |
|      22      | -351.838054  | -327.556597  |  76.507577   |  52.132252   |   0.731911   |   0.019182   |
|      23      | -351.838054  |  327.556597  |  76.507577   |  52.132252   |   0.731911   |   0.019182   |
|      24      | -364.253080  |   0.000000   |  57.972678   |   0.000000   |   1.000000   |     inf      |
|      25      | -383.101834  |   0.000000   |  60.972551   |   0.000000   |   1.000000   |     inf      |
|      26      | -466.622005  |   0.000000   |  74.265199   |   0.000000   |   1.000000   |     inf      |
|      27      | -619.342725  |  -0.000000   |  98.571456   |   0.000000   |   1.000000   |     inf      |
|      28      | -701.075669  |  -0.000000   |  111.579658  |   0.000000   |   1.000000   |     inf      |
|      29      | -725.073778  | -164.875850  |  118.344948  |  26.240807   |   0.975108   |   0.038109   |
|      30      | -725.073778  |  164.875850  |  118.344948  |  26.240807   |   0.975108   |   0.038109   |
|      31      | -855.251710  |   0.000000   |  136.117537  |   0.000000   |   1.000000   |     inf      |
|      32      | -1081.399564 |  -45.272268  |  172.260843  |   7.205305   |   0.999125   |   0.138787   |
|      33      | -1081.399564 |  45.272268   |  172.260843  |   7.205305   |   0.999125   |   0.138787   |
|      34      | -1282.705419 |  -0.000000   |  204.148908  |   0.000000   |   1.000000   |     inf      |
|      35      | -1334.315053 |  150.063150  |  213.701628  |  23.883292   |   0.993735   |   0.041870   |
|      36      | -1334.315053 | -150.063150  |  213.701628  |  23.883292   |   0.993735   |   0.041870   |
|      37      | -2030.166421 |   0.000000   |  323.111021  |   0.000000   |   1.000000   |     inf      |
|      38      | -2170.571586 | -256.176762  |  347.854876  |  40.771798   |   0.993107   |   0.024527   |
|      39      | -2170.571586 |  256.176762  |  347.854876  |  40.771798   |   0.993107   |   0.024527   |
|      40      | -2791.383758 |  -0.000000   |  444.262523  |   0.000000   |   1.000000   |     inf      |
|      41      | -3405.456155 | -3862.124982 |  819.503330  |  614.676282  |   0.661370   |   0.001627   |
|      42      | -3405.456155 | 3862.124982  |  819.503330  |  614.676282  |   0.661370   |   0.001627   |
|      43      | -3570.399869 | -5906.194189 | 1098.409947  |  940.000000  |   0.517336   |   0.001064   |
|      44      | -3610.896046 | 3801.869462  |  834.506019  |  605.086318  |   0.688661   |   0.001653   |
|      45      | -3610.896046 | -3801.869462 |  834.506019  |  605.086318  |   0.688661   |   0.001653   |
|      46      | -3640.386465 |  -0.000000   |  579.385501  |   0.000000   |   1.000000   |     inf      |
|      47      | -3781.836965 | -3859.158379 |  859.958124  |  614.204132  |   0.699916   |   0.001628   |
|      48      | -3781.836965 | 3859.158379  |  859.958124  |  614.204132  |   0.699916   |   0.001628   |
|      49      | -3921.727118 |  67.968292   |  624.255989  |  10.817490   |   0.999850   |   0.092443   |
|      50      | -3921.727118 |  -67.968292  |  624.255989  |  10.817490   |   0.999850   |   0.092443   |
|      51      | -4022.503601 | 3687.669234  |  868.517137  |  586.910787  |   0.737120   |   0.001704   |
|      52      | -4022.503601 | -3687.669234 |  868.517137  |  586.910787  |   0.737120   |   0.001704   |
|      53      | -4113.946806 | -4785.503122 | 1004.387472  |  761.636477  |   0.651895   |   0.001313   |
|      54      | -4113.946806 | 4785.503122  | 1004.387472  |  761.636477  |   0.651895   |   0.001313   |
|      55      | -4172.404485 | -1737.326966 |  719.325132  |  276.504174  |   0.923169   |   0.003617   |
|      56      | -4172.404485 | 1737.326966  |  719.325132  |  276.504174  |   0.923169   |   0.003617   |
|      57      | -4248.636210 | 5906.194189  | 1157.944249  |  940.000000  |   0.583959   |   0.001064   |
|      58      | -4403.306298 |  219.664541  |  701.679451  |  34.960698   |   0.998758   |   0.028604   |
|      59      | -4403.306298 | -219.664541  |  701.679451  |  34.960698   |   0.998758   |   0.028604   |
|      60      | -4661.713763 | -3486.131802 |  926.449798  |  554.835109  |   0.800836   |   0.001802   |
|      61      | -4661.713763 | 3486.131802  |  926.449798  |  554.835109  |   0.800836   |   0.001802   |
|      62      | -5359.698254 |   0.000000   |  853.022471  |   0.000000   |   1.000000   |     inf      |
|      63      |-12237.459727 | -5906.194189 | 2162.625515  |  940.000000  |   0.900596   |   0.001064   |
|==============|==============|==============|==============|==============|==============|==============|