|==============|==============|==============|==============|==============|==============|==============|
|     mode     |  eval_real   |  eval_imag   | freq_n (Hz)  | freq_d (Hz)  |   damping    |  period (s)  |
|==============|==============|==============|==============|==============|==============|==============|
|      0       |  -0.447860   | -648.059480  |  103.141894  |  103.141870  |   0.000691   |   0.009695   |
|      1       |  -0.447860   |  648.059480  |  103.141894  |  103.141870  |   0.000691   |   0.009695   |
|      2       |  -2.450578   | -240.078355  |  38.211647   |  38.209657   |   0.010207   |   0.026171   |
|      3       |  -2.450578   |  240.078355  |  38.211647   |  38.209657   |   0.010207   |   0.026171   |
|      4       |  -5.618733   |  547.907566  |  87.206783   |  87.202198   |   0.010254   |   0.011468   |
|      5       |  -5.618733   | -547.907566  |  87.206783   |  87.202198   |   0.010254   |   0.011468   |
|      6       |  -6.948361   |  -28.015556  |   4.593905   |   4.458814   |   0.240725   |   0.224275   |
|      7       |  -6.948361   |  28.015556   |   4.593905   |   4.458814   |   0.240725   |   0.224275   |
|      8       |  -7.367741   | -1066.692886 |  169.773495  |  169.769446  |   0.006907   |   0.005890   |
|      9       |  -7.367741   | 1066.692886  |  169.773495  |  169.769446  |   0.006907   |   0.005890   |
|      10      |  -8.272339   | 1662.886032  |  264.659807  |  264.656532  |   0.004975   |   0.003778   |
|      11      |  -8.272339   | -1662.886032 |  264.659807  |  264.656532  |   0.004975   |   0.003778   |
|      12      |  -8.854548   | -186.642916  |  29.738552   |  29.705143   |   0.047388   |   0.033664   |
|      13      |  -8.854548   |  186.642916  |  29.738552   |  29.705143   |   0.047388   |   0.033664   |
|      14      |  -10.689468  | -1028.449607 |  163.691680  |  163.682839  |   0.010393   |   0.006109   |
|      15      |  -10.689468  | 1028.449607  |  163.691680  |  163.682839  |   0.010393   |   0.006109   |
|      16      | -165.962120  |   0.000000   |  26.413692   |   0.000000   |   1.000000   |     inf      |
|      17      | -261.106721  |  -50.838889  |  42.336804   |   8.091260   |   0.981567   |   0.123590   |
|      18      | -261.106721  |  50.838889   |  42.336804   |   8.091260   |   0.981567   |   0.123590   |
|      19      | -265.477646  |  425.972975  |  79.884265   |  67.795705   |   0.528916   |   0.014750   |
|      20      | -265.477646  | -425.972975  |  79.884265   |  67.795705   |   0.528916   |   0.014750   |
|      21      | -289.143915  | -281.183070  |  64.190589   |  44.751675   |   0.716907   |   0.022346   |
|      22      | -289.143915  |  281.183070  |  64.190589   |  44.751675   |   0.716907   |   0.022346   |
|      23      | -299.288325  |  230.646083  |  60.136799   |  36.708464   |   0.792081   |   0.027242   |
|      24      | -299.288325  | -230.646083  |  60.136799   |  36.708464   |   0.792081   |   0.027242   |
|      25      | -337.678167  |   0.000000   |  53.743149   |   0.000000   |   1.000000   |     inf      |
|      26      | -425.651779  |  -0.000000   |  67.744585   |   0.000000   |   1.000000   |     inf      |
|      27      | -577.665625  |  -0.000000   |  91.938340   |   0.000000   |   1.000000   |     inf      |
|      28      | -687.838007  |   0.000000   |  109.472819  |   0.000000   |   1.000000   |     inf      |
|      29      | -786.257765  |  -0.000000   |  125.136810  |   0.000000   |   1.000000   |     inf      |
|      30      | -913.896317  |   0.000000   |  145.451116  |   0.000000   |   1.000000   |     inf      |
|      31      | -1036.362476 |   0.000000   |  164.942211  |   0.000000   |   1.000000   |     inf      |
|      32      | -1177.503921 |   9.728631   |  187.411966  |   1.548360   |   0.999966   |   0.645845   |
|      33      | -1177.503921 |  -9.728631   |  187.411966  |   1.548360   |   0.999966   |   0.645845   |
|      34      | -1504.358957 |   0.000000   |  239.426164  |   0.000000   |   1.000000   |     inf      |
|      35      | -1908.449034 |  102.678344  |  304.178390  |  16.341766   |   0.998556   |   0.061193   |
|      36      | -1908.449034 | -102.678344  |  304.178390  |  16.341766   |   0.998556   |   0.061193   |
|      37      | -2269.114238 |   0.000000   |  361.140747  |   0.000000   |   1.000000   |     inf      |
|      38      | -2343.011338 | -124.158232  |  373.425030  |  19.760396   |   0.998599   |   0.050606   |
|      39      | -2343.011338 |  124.158232  |  373.425030  |  19.760396   |   0.998599   |   0.050606   |
|      40      | -3258.876409 | -3517.503789 |  763.165931  |  559.828115  |   0.679625   |   0.001786   |
|      41      | -3258.876409 | 3517.503789  |  763.165931  |  559.828115  |   0.679625   |   0.001786   |
|      42      | -3273.467481 | 3529.227390  |  766.113034  |  561.693984  |   0.680041   |   0.001780   |
|      43      | -3273.467481 | -3529.227390 |  766.113034  |  561.693984  |   0.680041   |   0.001780   |
|      44      | -3404.494075 | -3522.403203 |  779.662758  |  560.607881  |   0.694970   |   0.001784   |
|      45      | -3404.494075 | 3522.403203  |  779.662758  |  560.607881  |   0.694970   |   0.001784   |
|      46      | -3566.057065 |   0.000000   |  567.555609  |   0.000000   |   1.000000   |     inf      |
|      47      | -3627.677018 | -3487.889289 |  800.937068  |  555.114821  |   0.720859   |   0.001801   |
|      48      | -3627.677018 | 3487.889289  |  800.937068  |  555.114821  |   0.720859   |   0.001801   |
|      49      | -3712.425143 |   0.000000   |  590.850812  |   0.000000   |   1.000000   |     inf      |
|      50      | -3852.894678 |   0.000000   |  613.207233  |   0.000000   |   1.000000   |     inf      |
|      51      | -3916.199361 | 3578.226437  |  844.276424  |  569.492425  |   0.738245   |   0.001756   |
|      52      | -3916.199361 | -3578.226437 |  844.276424  |  569.492425  |   0.738245   |   0.001756   |
|      53      | -4137.966909 |   0.000000   |  658.577888  |   0.000000   |   1.000000   |     inf      |
|      54      | -4305.289566 | -1870.454632 |  747.081487  |  297.692100  |   0.917180   |   0.003359   |
|      55      | -4305.289566 | 1870.454632  |  747.081487  |  297.692100  |   0.917180   |   0.003359   |
|      56      | -4353.297197 | -5529.203070 | 1120.017596  |  880.000000  |   0.618605   |   0.001136   |
|      57      | -4355.117070 |   0.000000   |  693.138409  |   0.000000   |   1.000000   |     inf      |
|      58      | -4595.745931 | 2966.419116  |  870.572055  |  472.120266  |   0.840178   |   0.002118   |
|      59      | -4595.745931 | -2966.419116 |  870.572055  |  472.120266  |   0.840178   |   0.002118   |
|      60      | -4768.199170 | 4229.386083  | 1014.398098  |  673.127701  |   0.748111   |   0.001486   |
|      61      | -4768.199170 | -4229.386083 | 1014.398098  |  673.127701  |   0.748111   |   0.001486   |
|      62      | -4964.067942 |  751.745894  |  799.063896  |  119.644075  |   0.988727   |   0.008358   |
|      63      | -4964.067942 | -751.745894  |  799.063896  |  119.644075  |   0.988727   |   0.008358   |
|==============|==============|==============|==============|==============|==============|==============||==============|==============|==============|==============|==============|==============|==============|
|     mode     |  eval_real   |  eval_imag   | freq_n (Hz)  | freq_d (Hz)  |   damping    |  period (s)  |
|==============|==============|==============|==============|==============|==============|==============|
|      0       |  -0.006421   |  676.265328  |  107.630970  |  107.630970  |   0.000009   |   0.009291   |
|      1       |  -0.006421   | -676.265328  |  107.630970  |  107.630970  |   0.000009   |   0.009291   |
|      2       |  -2.486071   |  241.012403  |  38.360356   |  38.358315   |   0.010315   |   0.026070   |
|      3       |  -2.486071   | -241.012403  |  38.360356   |  38.358315   |   0.010315   |   0.026070   |
|      4       |  -5.618144   |  548.200178  |  87.253350   |  87.248768   |   0.010248   |   0.011461   |
|      5       |  -5.618144   | -548.200178  |  87.253350   |  87.248768   |   0.010248   |   0.011461   |
|      6       |  -6.469243   | 1062.762224  |  169.146995  |  169.143861  |   0.006087   |   0.005912   |
|      7       |  -6.469243   | -1062.762224 |  169.146995  |  169.143861  |   0.006087   |   0.005912   |
|      8       |  -6.949175   |  -27.997581  |   4.591160   |   4.455953   |   0.240897   |   0.224419   |
|      9       |  -6.949175   |  27.997581   |   4.591160   |   4.455953   |   0.240897   |   0.224419   |
|      10      |  -8.307701   | 1662.735117  |  264.635816  |  264.632513  |   0.004996   |   0.003779   |
|      11      |  -8.307701   | -1662.735117 |  264.635816  |  264.632513  |   0.004996   |   0.003779   |
|      12      |  -8.845966   | -186.740899  |  29.754064   |  29.720737   |   0.047317   |   0.033647   |
|      13      |  -8.845966   |  186.740899  |  29.754064   |  29.720737   |   0.047317   |   0.033647   |
|      14      |  -11.987166  |  997.088042  |  158.702958  |  158.691491  |   0.012021   |   0.006302   |
|      15      |  -11.987166  | -997.088042  |  158.702958  |  158.691491  |   0.012021   |   0.006302   |
|      16      | -165.912952  |  -0.000000   |  26.405866   |   0.000000   |   1.000000   |     inf      |
|      17      | -261.295998  |  419.833562  |  78.703016   |  66.818587   |   0.528398   |   0.014966   |
|      18      | -261.295998  | -419.833562  |  78.703016   |  66.818587   |   0.528398   |   0.014966   |
|      19      | -291.377629  | -281.539609  |  64.485347   |  44.808420   |   0.719143   |   0.022317   |
|      20      | -291.377629  |  281.539609  |  64.485347   |  44.808420   |   0.719143   |   0.022317   |
|      21      | -302.184108  |  248.909893  |  62.308981   |  39.615240   |   0.771865   |   0.025243   |
|      22      | -302.184108  | -248.909893  |  62.308981   |  39.615240   |   0.771865   |   0.025243   |
|      23      | -341.680930  |  -0.000000   |  54.380209   |   0.000000   |   1.000000   |     inf      |
|      24      | -422.080271  |  131.704756  |  70.370588   |  20.961463   |   0.954606   |   0.047707   |
|      25      | -422.080271  | -131.704756  |  70.370588   |  20.961463   |   0.954606   |   0.047707   |
|      26      | -450.923670  |   0.000000   |  71.766731   |   0.000000   |   1.000000   |     inf      |
|      27      | -607.291202  |   0.000000   |  96.653397   |   0.000000   |   1.000000   |     inf      |
|      28      | -715.522398  |  -0.000000   |  113.878927  |   0.000000   |   1.000000   |     inf      |
|      29      | -838.143161  |   0.000000   |  133.394627  |   0.000000   |   1.000000   |     inf      |
|      30      | -910.426677  |   0.000000   |  144.898906  |   0.000000   |   1.000000   |     inf      |
|      31      | -1120.162551 |   0.000000   |  178.279407  |   0.000000   |   1.000000   |     inf      |
|      32      | -1178.428522 |  -0.000000   |  187.552724  |   0.000000   |   1.000000   |     inf      |
|      33      | -1311.438523 |   0.000000   |  208.721924  |   0.000000   |   1.000000   |     inf      |
|      34      | -1746.705153 |  296.005328  |  281.960312  |  47.110711   |   0.985943   |   0.021227   |
|      35      | -1746.705153 | -296.005328  |  281.960312  |  47.110711   |   0.985943   |   0.021227   |
|      36      | -2012.870608 |  -0.000000   |  320.358307  |   0.000000   |   1.000000   |     inf      |
|      37      | -2282.393607 |  -13.590802  |  363.260665  |   2.163043   |   0.999982   |   0.462312   |
|      38      | -2282.393607 |  13.590802   |  363.260665  |   2.163043   |   0.999982   |   0.462312   |
|      39      | -2851.988523 |  -0.000000   |  453.908071  |   0.000000   |   1.000000   |     inf      |
|      40      | -3270.023179 | -3515.475617 |  764.136353  |  559.505322  |   0.681083   |   0.001787   |
|      41      | -3270.023179 | 3515.475617  |  764.136353  |  559.505322  |   0.681083   |   0.001787   |
|      42      | -3278.002923 | 3528.459454  |  766.514549  |  561.571764  |   0.680627   |   0.001781   |
|      43      | -3278.002923 | -3528.459454 |  766.514549  |  561.571764  |   0.680627   |   0.001781   |
|      44      | -3417.479127 | -3515.499764 |  780.312229  |  559.509165  |   0.697040   |   0.001787   |
|      45      | -3417.479127 | 3515.499764  |  780.312229  |  559.509165  |   0.697040   |   0.001787   |
|      46      | -3562.897918 |   0.000000   |  567.052815  |   0.000000   |   1.000000   |     inf      |
|      47      | -3597.647412 | 3485.169130  |  797.197415  |  554.681895  |   0.718245   |   0.001803   |
|      48      | -3597.647412 | -3485.169130 |  797.197415  |  554.681895  |   0.718245   |   0.001803   |
|      49      | -3729.867526 |   0.000000   |  593.626854  |   0.000000   |   1.000000   |     inf      |
|      50      | -3840.253989 | 3583.892384  |  836.007986  |  570.394188  |   0.731088   |   0.001753   |
|      51      | -3840.253989 | -3583.892384 |  836.007986  |  570.394188  |   0.731088   |   0.001753   |
|      52      | -3896.540495 |   0.000000   |  620.153681  |   0.000000   |   1.000000   |     inf      |
|      53      | -4054.666309 | 5529.203070  | 1091.255306  |  880.000000  |   0.591356   |   0.001136   |
|      54      | -4068.299883 | 1677.093193  |  700.348764  |  266.917672  |   0.924525   |   0.003746   |
|      55      | -4068.299883 | -1677.093193 |  700.348764  |  266.917672  |   0.924525   |   0.003746   |
|      56      | -4140.338488 |   0.000000   |  658.955336  |   0.000000   |   1.000000   |     inf      |
|      57      | -4319.134418 |   0.000000   |  687.411592  |   0.000000   |   1.000000   |     inf      |
|      58      | -4564.916474 | -3495.061241 |  915.022109  |  556.256273  |   0.794002   |   0.001798   |
|      59      | -4564.916474 | 3495.061241  |  915.022109  |  556.256273  |   0.794002   |   0.001798   |
|      60      | -5035.232748 |  -0.000000   |  801.382181  |   0.000000   |   1.000000   |     inf      |
|      61      | -5611.166287 | 3136.538649  | 1023.095979  |  499.195630  |   0.872885   |   0.002003   |
|      62      | -5611.166287 | -3136.538649 | 1023.095979  |  499.195630  |   0.872885   |   0.002003   |
|      63      | -8494.945625 |   0.000000   | 1352.012588  |   0.000000   |   1.000000   |     inf      |
|==============|==============|==============|==============|==============|==============|==============|