|==============|==============|==============|==============|==============|==============|==============|
|     mode     |  eval_real   |  eval_imag   | freq_n (Hz)  | freq_d (Hz)  |   damping    |  period (s)  |
|==============|==============|==============|==============|==============|==============|==============|
|      0       |  -0.553552   | -650.509357  |  103.531817  |  103.531780  |   0.000851   |   0.009659   |
|      1       |  -0.553552   |  650.509357  |  103.531817  |  103.531780  |   0.000851   |   0.009659   |
|      2       |  -1.833499   |  231.867132  |  36.903954   |  36.902800   |   0.007907   |   0.027098   |
|      3       |  -1.833499   | -231.867132  |  36.903954   |  36.902800   |   0.007907   |   0.027098   |
|      4       |  -7.108517   |  549.778059  |  87.507209   |  87.499896   |   0.012929   |   0.011429   |
|      5       |  -7.108517   | -549.778059  |  87.507209   |  87.499896   |   0.012929   |   0.011429   |
|      6       |  -7.936969   | -1077.013875 |  171.416736  |  171.412082  |   0.007369   |   0.005834   |
|      7       |  -7.936969   | 1077.013875  |  171.416736  |  171.412082  |   0.007369   |   0.005834   |
|      8       |  -8.424310   | -1706.426389 |  271.589504  |  271.586195  |   0.004937   |   0.003682   |
|      9       |  -8.424310   | 1706.426389  |  271.589504  |  271.586195  |   0.004937   |   0.003682   |
|      10      |  -10.120920  |  27.365800   |   4.643726   |   4.355402   |   0.346875   |   0.229600   |
|      11      |  -10.120920  |  -27.365800  |   4.643726   |   4.355402   |   0.346875   |   0.229600   |
|      12      |  -12.890723  | -181.555157  |  28.968144   |  28.895401   |   0.070823   |   0.034608   |
|      13      |  -12.890723  |  181.555157  |  28.968144   |  28.895401   |   0.070823   |   0.034608   |
|      14      |  -13.098600  | 1033.012390  |  164.422245  |  164.409028  |   0.012679   |   0.006082   |
|      15      |  -13.098600  | -1033.012390 |  164.422245  |  164.409028  |   0.012679   |   0.006082   |
|      16      | -202.379092  |  -0.000000   |  32.209633   |   0.000000   |   1.000000   |     inf      |
|      17      | -326.141229  |  -62.817629  |  52.861046   |   9.997736   |   0.981952   |   0.100023   |
|      18      | -326.141229  |  62.817629   |  52.861046   |   9.997736   |   0.981952   |   0.100023   |
|      19      | -332.106534  |  532.489604  |  99.880338   |  84.748353   |   0.529197   |   0.011800   |
|      20      | -332.106534  | -532.489604  |  99.880338   |  84.748353   |   0.529197   |   0.011800   |
|      21      | -361.282939  |  352.101210  |  80.290573   |  56.038648   |   0.716148   |   0.017845   |
|      22      | -361.282939  | -352.101210  |  80.290573   |  56.038648   |   0.716148   |   0.017845   |
|      23      | -374.113770  | -288.279066  |  75.168651   |  45.881038   |   0.792113   |   0.021795   |
|      24      | -374.113770  |  288.279066  |  75.168651   |  45.881038   |   0.792113   |   0.021795   |
|      25      | -421.819350  |  -0.000000   |  67.134635   |   0.000000   |   1.000000   |     inf      |
|      26      | -531.942016  |   0.000000   |  84.661201   |   0.000000   |   1.000000   |     inf      |
|      27      | -722.070859  |  -0.000000   |  114.921146  |   0.000000   |   1.000000   |     inf      |
|      28      | -859.479611  |  -0.000000   |  136.790429  |   0.000000   |   1.000000   |     inf      |
|      29      | -982.512141  |  -0.000000   |  156.371664  |   0.000000   |   1.000000   |     inf      |
|      30      | -1142.188706 |   0.000000   |  181.784978  |   0.000000   |   1.000000   |     inf      |
|      31      | -1295.573694 |   0.000000   |  206.196957  |   0.000000   |   1.000000   |     inf      |
|      32      | -1471.928421 |  -11.761533  |  234.272163  |   1.871906   |   0.999968   |   0.534215   |
|      33      | -1471.928421 |  11.761533   |  234.272163  |   1.871906   |   0.999968   |   0.534215   |
|      34      | -1880.084084 |   0.000000   |  299.224675  |   0.000000   |   1.000000   |     inf      |
|      35      | -2385.625032 |  128.913415  |  380.237962  |  20.517207   |   0.998543   |   0.048740   |
|      36      | -2385.625032 | -128.913415  |  380.237962  |  20.517207   |   0.998543   |   0.048740   |
|      37      | -2835.201570 |   0.000000   |  451.236345  |   0.000000   |   1.000000   |     inf      |
|      38      | -2926.278963 | -155.063027  |  466.385173  |  24.679047   |   0.998599   |   0.040520   |
|      39      | -2926.278963 |  155.063027  |  466.385173  |  24.679047   |   0.998599   |   0.040520   |
|      40      | -4074.349904 | 4392.542850  |  953.532846  |  699.094907  |   0.680053   |   0.001430   |
|      41      | -4074.349904 | -4392.542850 |  953.532846  |  699.094907  |   0.680053   |   0.001430   |
|      42      | -4088.343410 | 4414.195531  |  957.574256  |  702.541039  |   0.679509   |   0.001423   |
|      43      | -4088.343410 | -4414.195531 |  957.574256  |  702.541039  |   0.679509   |   0.001423   |
|      44      | -4237.704713 | -4410.586203 |  973.469123  |  701.966596  |   0.692833   |   0.001425   |
|      45      | -4237.704713 | 4410.586203  |  973.469123  |  701.966596  |   0.692833   |   0.001425   |
|      46      | -4453.829720 |   0.000000   |  708.849016  |   0.000000   |   1.000000   |     inf      |
|      47      | -4481.159024 | -4380.439142 |  997.344591  |  697.168542  |   0.715097   |   0.001434   |
|      48      | -4481.159024 | 4380.439142  |  997.344591  |  697.168542  |   0.715097   |   0.001434   |
|      49      | -4633.425571 |   0.000000   |  737.432583  |   0.000000   |   1.000000   |     inf      |
|      50      | -4793.034327 |   0.000000   |  762.835106  |   0.000000   |   1.000000   |     inf      |
|      51      | -4857.844639 | 4486.587025  | 1052.447699  |  714.062503  |   0.734621   |   0.001400   |
|      52      | -4857.844639 | -4486.587025 | 1052.447699  |  714.062503  |   0.734621   |   0.001400   |
|      53      | -5107.911212 |   0.000000   |  812.949318  |   0.000000   |   1.000000   |     inf      |
|      54      | -5386.943070 | -2337.720077 |  934.608059  |  372.059706  |   0.917346   |   0.002688   |
|      55      | -5386.943070 | 2337.720077  |  934.608059  |  372.059706  |   0.917346   |   0.002688   |
|      56      | -5393.138250 |   0.000000   |  858.344611  |   0.000000   |   1.000000   |     inf      |
|      57      | -5446.082804 | 6911.503838  | 1400.461340  | 1100.000000  |   0.618918   |   0.000909   |
|      58      | -5786.440782 | -3726.736099 | 1095.414566  |  593.128472  |   0.840723   |   0.001686   |
|      59      | -5786.440782 | 3726.736099  | 1095.414566  |  593.128472  |   0.840723   |   0.001686   |
|      60      | -5991.008579 | -5253.356204 | 1268.155687  |  836.097608  |   0.751878   |   0.001196   |
|      61      | -5991.008579 | 5253.356204  | 1268.155687  |  836.097608  |   0.751878   |   0.001196   |
|      62      | -6256.694289 |  898.462500  | 1005.998470  |  142.994748  |   0.989846   |   0.006993   |
|      63      | -6256.694289 | -898.462500  | 1005.998470  |  142.994748  |   0.989846   |   0.006993   |
|==============|==============|==============|==============|==============|==============|==============||==============|==============|==============|==============|==============|==============|==============|
|     mode     |  eval_real   |  eval_imag   | freq_n (Hz)  | freq_d (Hz)  |   damping    |  period (s)  |
|==============|==============|==============|==============|==============|==============|==============|
|      0       |  -0.005208   | -679.262325  |  108.107957  |  108.107957  |   0.000008   |   0.009250   |
|      1       |  -0.005208   |  679.262325  |  108.107957  |  108.107957  |   0.000008   |   0.009250   |
|      2       |  -1.878559   |  232.686876  |  37.034473   |  37.033266   |   0.008073   |   0.027003   |
|      3       |  -1.878559   | -232.686876  |  37.034473   |  37.033266   |   0.008073   |   0.027003   |
|      4       |  -7.075230   | -1073.976817 |  170.932428  |  170.928719  |   0.006588   |   0.005850   |
|      5       |  -7.075230   | 1073.976817  |  170.932428  |  170.928719  |   0.006588   |   0.005850   |
|      6       |  -7.097893   |  550.109747  |  87.559973   |  87.552685   |   0.012902   |   0.011422   |
|      7       |  -7.097893   | -550.109747  |  87.559973   |  87.552685   |   0.012902   |   0.011422   |
|      8       |  -8.471334   | -1706.250638 |  271.561570  |  271.558223  |   0.004965   |   0.003682   |
|      9       |  -8.471334   | 1706.250638  |  271.561570  |  271.558223  |   0.004965   |   0.003682   |
|      10      |  -10.122033  |  27.346990   |   4.640979   |   4.352409   |   0.347119   |   0.229758   |
|      11      |  -10.122033  |  -27.346990  |   4.640979   |   4.352409   |   0.347119   |   0.229758   |
|      12      |  -12.890463  | -181.739114  |  28.997345   |  28.924678   |   0.070751   |   0.034573   |
|      13      |  -12.890463  |  181.739114  |  28.997345   |  28.924678   |   0.070751   |   0.034573   |
|      14      |  -14.487589  | -999.455429  |  159.084983  |  159.068272  |   0.014494   |   0.006287   |
|      15      |  -14.487589  |  999.455429  |  159.084983  |  159.068272  |   0.014494   |   0.006287   |
|      16      | -202.263715  |   0.000000   |  32.191270   |   0.000000   |   1.000000   |     inf      |
|      17      | -326.889919  | -524.756883  |  98.396738   |  83.517652   |   0.528739   |   0.011974   |
|      18      | -326.889919  |  524.756883  |  98.396738   |  83.517652   |   0.528739   |   0.011974   |
|      19      | -364.094542  | -352.584962  |  80.665182   |  56.115640   |   0.718370   |   0.017820   |
|      20      | -364.094542  |  352.584962  |  80.665182   |  56.115640   |   0.718370   |   0.017820   |
|      21      | -377.712198  | -311.148689  |  77.885169   |  49.520852   |   0.771838   |   0.020194   |
|      22      | -377.712198  |  311.148689  |  77.885169   |  49.520852   |   0.771838   |   0.020194   |
|      23      | -426.746463  |  -0.000000   |  67.918809   |   0.000000   |   1.000000   |     inf      |
|      24      | -527.582840  |  164.632842  |  87.960666   |  26.202131   |   0.954602   |   0.038165   |
|      25      | -527.582840  | -164.632842  |  87.960666   |  26.202131   |   0.954602   |   0.038165   |
|      26      | -563.683953  |   0.000000   |  89.713087   |   0.000000   |   1.000000   |     inf      |
|      27      | -759.097826  |   0.000000   |  120.814171  |   0.000000   |   1.000000   |     inf      |
|      28      | -894.193329  |  -0.000000   |  142.315288  |   0.000000   |   1.000000   |     inf      |
|      29      | -1047.426595 |  -0.000000   |  166.703120  |   0.000000   |   1.000000   |     inf      |
|      30      | -1137.798182 |   0.000000   |  181.086205  |   0.000000   |   1.000000   |     inf      |
|      31      | -1399.998769 |  -0.000000   |  222.816724  |   0.000000   |   1.000000   |     inf      |
|      32      | -1473.672350 |   0.000000   |  234.542239  |   0.000000   |   1.000000   |     inf      |
|      33      | -1638.631676 |  -0.000000   |  260.796331  |   0.000000   |   1.000000   |     inf      |
|      34      | -2183.503571 |  370.205728  |  352.474848  |  58.920072   |   0.985930   |   0.016972   |
|      35      | -2183.503571 | -370.205728  |  352.474848  |  58.920072   |   0.985930   |   0.016972   |
|      36      | -2514.127063 |   0.000000   |  400.135750  |   0.000000   |   1.000000   |     inf      |
|      37      | -2850.249949 |  -22.929828  |  453.646048  |   3.649396   |   0.999968   |   0.274018   |
|      38      | -2850.249949 |  22.929828   |  453.646048  |   3.649396   |   0.999968   |   0.274018   |
|      39      | -3564.452002 |   0.000000   |  567.300156  |   0.000000   |   1.000000   |     inf      |
|      40      | -4087.866984 | -4388.620927 |  954.540314  |  698.470714  |   0.681589   |   0.001432   |
|      41      | -4087.866984 | 4388.620927  |  954.540314  |  698.470714  |   0.681589   |   0.001432   |
|      42      | -4094.574208 | -4414.207696 |  958.249794  |  702.542975  |   0.680065   |   0.001423   |
|      43      | -4094.574208 | 4414.207696  |  958.249794  |  702.542975  |   0.680065   |   0.001423   |
|      44      | -4253.403520 | 4402.476132  |  974.273163  |  700.675838  |   0.694826   |   0.001427   |
|      45      | -4253.403520 | -4402.476132 |  974.273163  |  700.675838  |   0.694826   |   0.001427   |
|      46      | -4446.434808 | -4376.712019 |  992.983883  |  696.575352  |   0.712672   |   0.001436   |
|      47      | -4446.434808 | 4376.712019  |  992.983883  |  696.575352  |   0.712672   |   0.001436   |
|      48      | -4449.666401 |   0.000000   |  708.186403  |   0.000000   |   1.000000   |     inf      |
|      49      | -4655.086896 |   0.000000   |  740.880090  |   0.000000   |   1.000000   |     inf      |
|      50      | -4768.592579 | -4492.232191 | 1042.672915  |  714.960959  |   0.727884   |   0.001399   |
|      51      | -4768.592579 | 4492.232191  | 1042.672915  |  714.960959  |   0.727884   |   0.001399   |
|      52      | -4844.203493 |   0.000000   |  770.978931  |   0.000000   |   1.000000   |     inf      |
|      53      | -5068.447856 | -6911.503838 | 1364.079953  | 1100.000000  |   0.591365   |   0.000909   |
|      54      | -5085.796242 | -2096.157886 |  875.485307  |  333.613889  |   0.924550   |   0.002997   |
|      55      | -5085.796242 | 2096.157886  |  875.485307  |  333.613889  |   0.924550   |   0.002997   |
|      56      | -5117.005641 |   0.000000   |  814.396742  |   0.000000   |   1.000000   |     inf      |
|      57      | -5357.143301 |   0.000000   |  852.615837  |   0.000000   |   1.000000   |     inf      |
|      58      | -5685.248129 | 4383.042220  | 1142.518625  |  697.582835  |   0.791966   |   0.001434   |
|      59      | -5685.248129 | -4383.042220 | 1142.518625  |  697.582835  |   0.791966   |   0.001434   |
|      60      | -6238.511532 |   0.000000   |  992.889948  |   0.000000   |   1.000000   |     inf      |
|      61      | -7034.972452 | -3880.781110 | 1278.711662  |  617.645497  |   0.875608   |   0.001619   |
|      62      | -7034.972452 | 3880.781110  | 1278.711662  |  617.645497  |   0.875608   |   0.001619   |
|      63      |-11057.097398 |   0.000000   | 1759.791707  |   0.000000   |   1.000000   |     inf      |
|==============|==============|==============|==============|==============|==============|==============|